# output for bornfwd 0° model
# 16 source beam centres in a square
# source_beam_centres = seismo::grid_coordinates(x0=4500, x1=8500, y0=4500, y1=8500, depth=0, nx=4, ny=4);
# one target at (6500, 6500, 2400)
# targets = seismo::grid_coordinates(6500, 6500, 6500, 6500, 2400, 1, 1);
# fracture orientation phi_hat_x = 0, phi_hat_y = 1, 61 orientations, 41 spacings between 100 and 300 m
# FractureParameters fractures(2400, 0, 1, 61, 100, 300, 41);
# auto data = SeismoData("/home/darius/masterarbeit/output_0degrees");
# beam width of 244 m, beam frequency of 40 Hz, time window width for seismic data 0.06s
# auto result = db.algorithm(source_beam_centres, targets, data, fractures, 244, 2 * M_PI * 40, 0.06);
# runtimes:
#1Targets
#16Sources.
#Beams: 5.82983 s
#FFT: 2277.62 s
#Beam eval: 33047.1 s
#cut : 5775.35s
#amplitude: 2170.9 s
#exp: 26837.6 s
#unit vec: 1635.61 s
#restt: 968.985Runtime db : 42326 s
   (1.9447e-86,1.46529e-86)   (4.49005e-86,4.53875e-86) (-3.29097e-85,-2.77905e-85) (-2.72393e-84,-1.65013e-84) (-4.60111e-83,-2.43259e-83)  (-3.38188e-82,8.98368e-83)  (-1.54498e-81,1.73025e-83)  (7.21916e-81,-1.82842e-80) (-2.80809e-80,-1.11433e-79)   (3.96571e-79,4.38766e-79)  (3.49349e-78,-6.51132e-79)  (-1.20825e-77,3.19417e-79)   (1.75272e-77,7.82704e-77)   (-7.36128e-77,3.8791e-76)     (1.322e-75,2.51161e-76) (-7.10779e-75,-2.16132e-75)  (-1.42653e-65,7.90891e-66) (-2.22612e-66,-6.44891e-66) (-1.10218e-66,-1.46382e-66)  (3.03162e-67,-1.36215e-67)  (-9.28977e-68,6.59963e-68)  (-1.9225e-68,-4.89361e-69)    (3.4227e-69,1.96454e-69)   (4.00969e-70,4.32922e-70)  (-1.08604e-72,-4.0892e-71) (-4.48931e-72,-5.07233e-72)  (-3.6269e-73,-5.49843e-73) (-2.15538e-74,-5.33804e-75)  (-1.31658e-75,6.10247e-76)  (9.51089e-77,-1.74409e-76)   (6.78637e-76,4.21071e-76)  (-7.09145e-75,9.18461e-75)  (-1.84281e-73,1.88272e-73)  (-1.11864e-71,6.65302e-74) (-2.60296e-70,-3.74472e-70) (-2.12859e-69,-4.04873e-69)   (2.84075e-68,-1.4639e-68)  (-8.21162e-68,6.17766e-67)  (-9.51528e-67,3.98589e-66)  (5.72647e-66,-3.13128e-65)  (-8.4881e-65,-1.71216e-64)  (-8.43982e-65,7.52219e-64)   (4.21994e-63,2.27278e-64)    (1.4802e-62,8.74124e-63)   (2.85051e-62,-3.8318e-62)  (-1.25456e-61,1.54684e-61)   (1.39314e-84,6.99228e-85)   (-4.0791e-85,4.17466e-85)  (-1.29219e-85,9.94918e-86)  (6.62766e-87,-3.83518e-86)  (-6.91518e-87,1.26119e-86)  (-3.4099e-87,-2.42732e-87)  (-1.67749e-88,9.58179e-88)  (-5.62803e-88,2.52402e-89)  (1.16233e-88,-2.08666e-88)  (1.93571e-88,-3.74427e-88)  (6.14185e-88,-4.13708e-88)  (1.79645e-87,-5.75041e-88)  (4.08071e-87,-3.67161e-88)   (9.06084e-87,2.45654e-87)    (1.9447e-86,1.46529e-86)
(-1.10565e-85,-7.35212e-86)   (4.70761e-86,5.51283e-86)  (1.17447e-84,-1.91875e-84)  (1.17313e-84,-2.40081e-83) (-1.44548e-82,-1.44454e-82) (-9.89628e-82,-4.58142e-82)   (7.3823e-81,-4.51403e-81)  (2.27682e-80,-5.55665e-80)   (1.36517e-79,-2.4106e-79)  (-6.05567e-80,1.30745e-78)   (5.89865e-78,4.16011e-78)  (-1.5914e-77,-1.59921e-77) (-1.24786e-77,-1.00774e-76)  (-5.35346e-76,3.22379e-76)   (9.94527e-76,1.69648e-75) (-4.03014e-75,-9.20715e-75)  (-5.00994e-66,6.70696e-66) (-2.59609e-66,-2.58159e-66)   (7.2353e-67,-1.97191e-67)  (1.17462e-67,-1.59481e-67)  (-2.88548e-68,6.59351e-68)  (-1.27181e-68,4.11319e-69)  (2.83268e-69,-1.76368e-70)  (4.60886e-70,-2.56986e-70)  (5.81566e-71,-1.85208e-71) (-5.99683e-72,-1.36333e-72)  (-7.71534e-73,1.86582e-74)  (-5.38146e-74,-9.0537e-75)   (-2.9219e-75,8.03038e-77)  (-1.58707e-76,3.67399e-76) (-3.09435e-75,-3.04019e-76)   (-2.1485e-74,4.52795e-74)  (-1.16385e-72,7.88664e-73)  (-2.85466e-71,5.68249e-72)  (-4.54954e-70,9.82011e-71) (-3.32485e-69,-1.17811e-69)   (5.91599e-68,1.85963e-68)    (5.11851e-67,1.1355e-67)   (1.16329e-66,2.22829e-66) (-9.06225e-66,-1.56653e-65) (-9.27573e-65,-4.16969e-65)    (2.01295e-64,3.1996e-64)  (-4.79479e-64,1.39039e-63)  (7.59214e-63,-7.94774e-64)  (5.12191e-64,-1.99813e-62)  (-6.76301e-63,7.99064e-62)  (-2.91403e-84,3.61225e-84) (-1.09687e-84,-1.48502e-84)   (3.89807e-85,1.70059e-85)     (1.3706e-85,3.0961e-86) (-4.79412e-86,-2.62428e-86)  (9.05026e-87,-1.49135e-86)  (-3.70525e-87,3.52076e-88) (-1.83398e-87,-2.85037e-87)  (2.04547e-87,-2.34437e-88)   (2.04331e-87,1.62873e-87)     (3.31694e-87,4.752e-87) (-8.70848e-87,-5.10519e-87) (-1.90834e-86,-1.12482e-86) (-4.59918e-86,-2.68235e-86) (-1.10565e-85,-7.35212e-86)
 (3.11742e-85,-4.51608e-85)  (1.89621e-84,-1.23947e-84)  (1.02721e-83,-8.64871e-84)  (3.23903e-83,-8.74609e-83)   (4.3692e-82,-6.22902e-82)  (2.63578e-81,-1.12456e-81)    (2.25935e-80,2.0787e-81)  (1.26447e-79,-7.24721e-80)  (-1.32848e-79,5.49289e-79)  (-1.84637e-78,1.99941e-78)   (3.31311e-78,1.34943e-77)  (-3.55421e-78,5.65314e-77)    (9.778e-77,-1.36616e-76) (-9.38295e-76,-2.04604e-76) (-3.11785e-75,-2.33246e-75)  (-1.04636e-74,6.30835e-75) (-5.21911e-66,-3.89085e-66) (-1.95961e-66,-7.28628e-67)  (3.37159e-67,-2.96266e-67)  (-5.15355e-68,1.73996e-67)   (4.30749e-69,4.76104e-68)  (-6.32541e-69,6.98401e-69)   (7.31375e-71,1.87239e-69)  (2.05759e-70,-3.70135e-70)  (3.38864e-71,-4.03062e-71) (-1.62791e-72,-5.02627e-72) (-9.47764e-73,-2.04397e-73)   (-5.28396e-74,4.8188e-74)  (-2.94835e-75,4.59009e-75)  (-1.76787e-76,1.00175e-75) (-2.90295e-75,-1.04907e-75)   (3.56173e-74,1.11908e-74)    (4.1936e-73,1.42697e-72)  (-6.62449e-72,2.98138e-71)  (-3.37117e-70,2.52067e-72)  (1.03192e-69,-2.94599e-69)  (4.08539e-68,-1.79792e-68)   (3.1003e-67,-1.64891e-67)  (-1.87952e-66,9.26238e-67) (-9.93297e-66,-3.75751e-66)  (-5.44384e-65,1.37589e-65) (-2.05093e-64,-1.02534e-64)   (2.19658e-64,6.90906e-64)  (2.65451e-63,-2.37727e-63)  (1.16224e-62,-3.14078e-63)  (3.50232e-63,-2.83252e-62)  (1.49787e-83,-9.99961e-84)   (4.4242e-84,-3.16144e-84)   (-4.9238e-85,1.23868e-84)  (1.45637e-85,-5.16774e-85)  (6.54996e-86,-1.75547e-85)     (6.428e-86,2.35506e-86)   (1.47751e-86,1.82429e-86)   (1.0676e-86,-1.52036e-86)   (8.67692e-89,9.74554e-87)   (-9.2692e-87,1.60069e-86)     (3.9526e-87,-2.722e-86)   (8.4789e-87,-5.12696e-86)  (1.87854e-86,-1.05953e-85)  (5.66578e-86,-2.24044e-85)  (3.11742e-85,-4.51608e-85)
 (-3.17284e-85,2.14105e-85)    (7.68098e-84,6.2434e-84)   (8.46326e-83,1.85553e-83)  (5.09335e-82,-1.15554e-82)  (1.91369e-81,-8.78576e-82)  (7.20194e-81,-5.20867e-81)  (5.66742e-80,-1.82714e-81)   (3.28568e-79,2.41002e-80)  (-8.95356e-79,7.86412e-79)  (-5.24988e-78,1.04135e-78)   (-1.00242e-77,2.3434e-77)  (-6.40911e-77,7.27675e-77)  (2.58392e-76,-7.35488e-77) (-8.94013e-76,-1.12384e-75) (-1.26234e-75,-5.30406e-75) (-1.58307e-74,-2.58967e-75) (-3.63335e-66,-9.97096e-67)  (-1.25834e-66,5.49139e-68)  (1.16428e-67,-2.57398e-67)   (1.90415e-68,1.17984e-67)   (1.75637e-68,2.81075e-68)  (-1.70898e-69,6.68673e-69)   (7.44267e-70,1.24736e-69) (-2.73947e-72,-3.49402e-70) (-2.47655e-71,-4.14871e-71)  (-6.10465e-72,1.61149e-73)  (-9.27103e-73,3.13471e-73)  (-1.11591e-73,1.01092e-73)  (-7.99374e-75,1.20469e-74)  (-8.31962e-77,6.28636e-76)   (9.14345e-75,1.23481e-75)   (1.72612e-73,1.52031e-73)   (1.52947e-72,3.87422e-72)   (-4.9312e-72,4.79787e-71)  (-2.17563e-70,1.82298e-70) (-2.23755e-69,-8.95958e-70) (-5.81072e-69,-3.39865e-68)  (9.36903e-68,-2.20862e-67)     (-5.68692e-67,1.22e-66)   (-6.1335e-66,1.90002e-66)   (-2.00209e-65,2.5077e-65)  (-1.22423e-64,2.16203e-65)   (2.99155e-64,2.22656e-64)  (3.96721e-64,-1.69653e-63)  (3.67256e-63,-4.26476e-63) (-5.53942e-63,-1.14136e-62)   (2.91104e-83,3.70713e-83)   (1.00424e-83,1.10784e-83) (-3.81175e-84,-8.40698e-85)   (1.63358e-84,1.55119e-85)   (5.82686e-85,6.79825e-86)   (6.93324e-87,2.43266e-85)  (-4.78051e-86,6.04691e-86)   (7.26062e-86,8.15525e-87)  (-5.10779e-86,2.85564e-87)  (7.38328e-86,-2.55241e-86)  (1.21448e-85,-3.80618e-86)  (-2.06568e-85,5.40184e-87) (-3.40597e-85,-1.51664e-85) (-5.53387e-85,-3.96292e-85)  (-3.17284e-85,2.14105e-85)
  (5.92515e-84,8.38196e-84)   (3.26795e-83,3.86685e-83)   (2.71923e-82,1.09509e-82)  (1.61696e-81,-2.26669e-82)  (6.10416e-81,-2.90447e-81)  (2.11394e-80,-2.73357e-81)   (-6.0168e-80,1.84403e-79)  (-4.04901e-79,4.81211e-79)   (-2.34159e-78,3.9544e-79)  (-6.86647e-78,8.88384e-78)  (-3.73774e-77,2.46316e-77)  (-1.54924e-76,3.97501e-77)   (3.93628e-76,1.35996e-76)   (6.85947e-76,1.26216e-75)  (2.90137e-75,-6.90165e-75)  (1.90672e-74,-1.64201e-74)  (-2.28225e-66,1.88737e-67)  (3.56609e-67,-4.13252e-67)  (5.01621e-69,-1.85663e-67)   (4.48128e-68,6.86241e-68)   (2.00016e-68,1.29724e-68)    (5.88325e-69,3.9299e-70)   (9.76425e-70,6.23231e-70)  (2.51336e-70,-1.11404e-70)  (2.68652e-71,-6.10185e-71)  (-5.03458e-72,2.87583e-72)  (-3.22132e-73,1.21676e-72)   (9.53664e-75,1.92575e-73)   (4.87829e-75,1.97078e-74)   (8.61875e-76,2.46046e-75)  (-3.47162e-76,-6.8844e-75)   (2.24764e-73,-1.1888e-73)   (4.63224e-72,4.51779e-73)   (4.45003e-71,2.93284e-71)   (1.15893e-70,3.18645e-70)  (-1.84171e-69,5.41991e-70)  (1.20747e-68,-2.57051e-68)   (1.24472e-67,3.00611e-68)   (1.88675e-67,8.64768e-67)    (2.8208e-66,3.89757e-66)  (-8.76248e-67,1.89172e-65)  (-4.90269e-65,4.97479e-65)   (1.99427e-64,7.10251e-66)   (3.74235e-64,5.23571e-64)  (3.60418e-64,-2.73092e-63)  (4.28661e-63,-6.40593e-63)  (-7.56172e-83,8.79704e-83)   (1.09979e-83,-2.6756e-83) (-2.05796e-85,-1.06424e-83)    (8.98701e-85,4.7003e-84)   (4.40346e-85,1.68228e-84)   (-2.03161e-86,6.1627e-85)  (-1.84345e-85,2.06619e-85) (-1.83861e-85,-1.46978e-85)   (1.43582e-85,1.41278e-85)   (2.45643e-85,2.14644e-85) (-2.47842e-85,-3.84406e-85) (-7.83275e-86,-7.25288e-85)    (1.49641e-84,1.9961e-85)    (2.58124e-84,1.5122e-84)   (5.92515e-84,8.38196e-84)
 (-1.95644e-83,3.33055e-83)  (-2.77049e-83,2.84486e-82)   (4.50217e-82,1.38589e-81)   (2.37557e-81,4.37276e-81)  (-1.50407e-81,1.48036e-80)  (-5.53696e-80,7.53661e-80)   (-2.90225e-79,2.9175e-79)    (-1.168e-78,4.74393e-79) (-4.24903e-78,-1.47789e-78)  (-1.85315e-77,7.74236e-78)  (-7.54907e-77,3.90831e-78) (-2.44212e-76,-7.36088e-77)    (3.95733e-76,4.8699e-76)  (-1.40693e-76,2.04171e-75)   (-5.4406e-75,4.14355e-75)  (3.18929e-74,-4.02489e-75)   (8.6363e-67,-4.37569e-67)  (1.26346e-67,-3.35695e-67) (-4.29769e-68,-1.19316e-67)   (4.80228e-68,3.29063e-68)   (1.74547e-68,2.94262e-69)  (4.30023e-69,-1.59518e-69)   (9.37892e-70,1.26811e-70)  (1.53527e-70,-1.79474e-70) (-2.47115e-72,-6.05867e-71) (-6.16118e-72,-8.08373e-72)  (-1.17686e-72,1.82751e-73)  (-7.70706e-74,2.49719e-73)   (7.49667e-75,4.48291e-74)   (2.03689e-75,2.33308e-75)  (2.51811e-74,-3.95719e-74)  (6.68786e-73,-3.47856e-73)   (7.78101e-72,4.68656e-73)   (2.59052e-71,3.26219e-71)   (-3.1686e-70,9.49581e-71)  (-3.27664e-69,-2.2773e-69) (-4.05519e-69,-2.09541e-68)  (8.44227e-68,-3.49899e-68)    (4.43066e-67,3.9721e-67)   (2.90526e-66,9.90782e-67)   (6.10143e-66,9.76682e-66)  (-7.33282e-66,3.98959e-65)  (9.45192e-65,-5.77476e-65)   (3.17832e-64,1.26341e-64)    (3.1971e-64,9.55832e-64)   (1.58531e-64,-3.7916e-63)   (1.64449e-82,1.04092e-82)   (7.06753e-83,4.63634e-84)  (2.53909e-83,-9.98003e-84)  (-1.08293e-83,7.28596e-84)  (-4.76386e-84,3.31463e-84)  (-1.36811e-84,6.84801e-85) (-8.73049e-85,-1.11417e-85)   (2.40929e-85,-7.3795e-85)  (-1.40633e-85,7.64142e-85)  (3.72702e-85,-1.04401e-84)   (9.67207e-85,1.42215e-84)   (1.21533e-84,2.47156e-84)    (2.1795e-85,4.83616e-84)  (-1.2043e-84,-1.24832e-84)  (-1.95644e-83,3.33055e-83)
 (-1.00297e-82,1.41253e-82)  (-1.37311e-82,8.48507e-82)  (-1.14175e-82,3.54285e-81)   (1.49699e-81,1.14585e-80)  (-1.55337e-80,2.90779e-80)  (-1.70384e-79,9.98121e-80)  (-7.71945e-79,2.93516e-79)  (-1.93201e-78,2.43722e-78)  (-3.79624e-78,-6.5488e-78) (-3.44015e-77,-2.61124e-78) (-1.11831e-76,-5.16937e-77) (-2.77709e-76,-2.80165e-76)    (1.5953e-76,9.07368e-76)  (-1.58195e-75,2.37541e-75)  (-8.99652e-75,1.10972e-75) (-2.21876e-74,-2.19428e-74)  (4.54027e-67,-4.48341e-67)  (7.12178e-69,-2.44125e-67) (-5.73565e-68,-6.87196e-68)   (4.14739e-68,9.87635e-69)  (1.31981e-68,-2.88622e-69)  (2.67488e-69,-2.49158e-69)   (7.2972e-70,-1.25112e-71) (-1.60992e-70,-2.11976e-70) (-2.51002e-71,-4.98928e-71)  (-8.7194e-72,-4.65863e-72)  (-1.01716e-72,6.72207e-73)   (3.85628e-74,2.80818e-73)   (2.89268e-74,4.30973e-74)   (5.21214e-75,3.15426e-75) (-2.94857e-74,-4.45608e-74)  (4.78263e-74,-8.85259e-73)  (6.41257e-72,-3.84231e-72)   (3.60119e-71,1.10787e-71)  (-1.75159e-70,2.21695e-70)  (-3.20658e-69,3.68343e-72) (-1.15987e-68,-1.13894e-68) (-4.39245e-68,-6.64562e-68)   (3.59623e-67,1.35862e-67)  (1.93833e-66,-5.20936e-67)    (6.5431e-66,3.00675e-66)   (9.29332e-66,2.24468e-65)  (2.81869e-65,-5.70133e-65)  (1.85744e-64,-3.25987e-65)   (4.05767e-64,3.48175e-64)   (7.42895e-65,1.45525e-63)  (-7.49827e-83,4.22415e-82)    (5.99661e-83,1.4609e-82)   (4.84033e-83,4.60445e-83) (-2.68379e-83,-1.11902e-83) (-1.40554e-83,-6.56011e-84) (-7.02742e-84,-2.71953e-84)  (2.97488e-84,-1.99203e-84)  (-2.47705e-84,9.10982e-85)  (2.42396e-84,-1.17864e-84)  (-1.02036e-84,3.39008e-84)  (-2.28477e-84,4.73646e-84)  (6.20776e-84,-1.56385e-84)  (4.23615e-85,-2.70482e-84)  (-2.54807e-83,3.21357e-83)  (-1.00297e-82,1.41253e-82)
 (-8.47123e-82,2.09314e-82)  (-8.93228e-82,1.82862e-81)   (2.01422e-82,9.32841e-81)   (8.91934e-81,3.04989e-80)  (-5.59156e-81,8.22604e-80)  (-2.66747e-79,3.07959e-79)  (-1.39711e-78,1.18673e-78)  (-4.97916e-78,2.70271e-78) (-1.40788e-78,-1.30784e-77) (-4.99424e-77,-2.77635e-77) (-1.24314e-76,-1.49508e-76)  (-1.8952e-76,-5.62236e-76)  (-3.81013e-76,1.26473e-75)  (-3.41199e-75,1.89388e-75) (-1.10571e-74,-4.19791e-75)   (-1.138e-74,-3.71788e-74)  (2.08182e-67,-3.81676e-67) (-4.77746e-68,-1.64804e-67) (-5.55679e-68,-3.38065e-68)  (3.18742e-68,-3.54217e-69)  (8.87048e-69,-5.73379e-69)  (1.29684e-69,-2.67825e-69)   (5.71843e-70,-2.3971e-70) (-2.03686e-70,-1.19463e-70)  (-6.00832e-71,1.49099e-72)   (-8.1706e-72,5.85733e-72)    (2.7044e-73,1.50936e-72)   (3.33039e-73,1.99631e-73)   (6.88903e-74,1.34142e-74)  (-1.46244e-75,-5.7725e-75) (-7.77668e-74,-1.46269e-73) (-4.43075e-73,-7.83501e-73)  (2.40238e-73,-8.77089e-72)  (3.21635e-71,-3.60184e-71)   (1.62858e-70,1.77927e-70)  (-9.42275e-70,2.59798e-69)  (-1.35323e-68,8.57566e-69) (-5.38006e-68,-2.34933e-68)  (2.62986e-67,-5.69035e-68)  (9.06598e-67,-9.90695e-67)  (4.58307e-66,-5.90001e-67)    (1.2133e-65,8.77256e-66)  (-3.12576e-66,-3.7554e-65)   (8.18837e-65,-6.9776e-65)    (2.8896e-64,5.53809e-65)   (4.10654e-64,6.57392e-64)  (-9.08559e-82,2.71468e-82)  (-2.16087e-82,2.67652e-82)  (-2.31571e-83,1.35045e-82)  (-1.1611e-83,-8.16281e-83) (-4.41435e-84,-2.57566e-83) (-6.10865e-84,-1.91467e-83)   (7.43606e-84,4.30029e-84)   (5.32544e-84,5.93579e-85)   (-7.40169e-84,2.2371e-84)  (-9.93027e-84,2.41344e-84)   (9.49911e-84,6.56004e-84)  (-1.99874e-83,1.05241e-83)   (-5.99898e-83,6.3079e-85) (-1.34318e-82,-2.17114e-83)  (-8.47123e-82,2.09314e-82)
 (-2.29201e-81,6.04367e-82)   (-8.00491e-81,3.0148e-81)    (-2.1417e-80,1.1713e-80) (-6.03949e-80,-8.33216e-81) (-2.43689e-79,-2.06857e-79)  (-6.74434e-79,3.83978e-79)  (-3.14497e-78,1.14612e-78)  (-9.82653e-78,1.26192e-78)  (6.01191e-78,-2.11923e-77) (-5.66397e-77,-7.19386e-77)   (-8.3873e-77,-2.8599e-76)   (1.27345e-77,6.18256e-76)   (-1.22524e-75,1.3902e-75)  (-5.22805e-75,3.53294e-76)  (-1.04772e-74,-1.1022e-74)  (7.57671e-75,-4.73001e-74)   (6.7596e-68,-2.97515e-67)   (-6.746e-68,-1.03979e-67) (-4.71376e-68,-1.13943e-68)  (-1.44926e-68,9.09113e-69)  (5.17201e-69,-6.66182e-69)  (2.55297e-70,-2.45416e-69)  (3.90277e-70,-3.66001e-70) (-2.09277e-70,-3.46303e-71)    (-5.208e-71,2.18683e-71)   (-5.3679e-72,8.30802e-72)  (-2.82926e-72,6.60384e-73)  (-8.55026e-74,3.79136e-73)    (7.80676e-74,5.9132e-74)   (8.82433e-75,1.03053e-74)  (-2.00934e-73,-2.0653e-74) (-6.76439e-73,-1.41373e-72)   (3.13294e-72,-6.5661e-72)   (3.32326e-71,3.80073e-71)  (-1.26894e-70,5.13926e-70)   (4.67577e-70,2.21366e-69)  (-5.47565e-69,1.12419e-68)  (-4.35001e-68,6.07736e-69)  (1.38652e-67,-1.32586e-67)  (1.80053e-67,-9.00138e-67)  (2.39154e-66,-1.87284e-66)  (-8.05591e-66,1.06325e-67)  (-1.30623e-65,-1.8915e-65)  (2.19026e-65,-5.94271e-65)  (1.59424e-64,-5.12987e-65)    (3.7022e-64,2.13619e-64) (-1.44842e-81,-1.28525e-81) (-7.87483e-82,-8.91801e-83)  (-3.16579e-82,1.45673e-82)  (-8.10462e-83,8.89621e-83)   (4.8311e-83,-7.63201e-83)  (1.97395e-83,-1.07212e-83)  (2.00559e-85,-6.79297e-84)   (5.56655e-85,1.14756e-83) (-1.67919e-83,-1.31754e-83)   (4.74929e-84,2.10675e-83) (-3.65251e-83,-1.16668e-83)  (1.02127e-83,-3.51731e-84) (-1.02637e-82,-1.62473e-82) (-5.37555e-82,-9.26069e-83)  (-2.29201e-81,6.04367e-82)
 (-5.12597e-81,1.72176e-82)  (-1.83607e-80,9.69428e-81)  (-4.66066e-80,4.15511e-80)  (-1.09286e-79,-4.8395e-80) (-3.27221e-79,-5.08856e-79) (-7.86281e-79,-1.99156e-78)  (3.55597e-79,-5.26928e-78)  (1.11382e-77,-1.03117e-77)  (4.81846e-77,-7.70039e-78)   (1.20204e-76,5.02468e-77)   (1.40223e-76,2.87873e-76)  (-3.17619e-76,8.27036e-76)  (-2.29322e-75,1.11145e-75) (-6.52649e-75,-2.29859e-75) (-6.53633e-75,-1.81479e-74)   (3.20443e-74,-4.8821e-74) (-8.20054e-69,-2.19658e-67) (-6.90843e-68,-6.04035e-68)  (-3.69364e-68,2.01234e-69)   (-8.74017e-69,1.0246e-68)   (1.08592e-69,4.84513e-69)   (1.70221e-69,9.02747e-70)  (6.14532e-70,-1.80037e-70)  (6.66113e-71,-1.57654e-70) (-3.08356e-71,-3.86361e-71) (-1.49441e-71,-1.19443e-72)  (-2.50215e-72,1.65653e-72)   (5.55048e-74,4.14809e-73)  (1.36116e-73,-2.83946e-74)  (-1.70516e-74,2.24561e-75)   (-1.9533e-73,8.39655e-74) (-1.89921e-72,-3.39372e-73) (-5.88691e-72,-7.87425e-72)   (4.34968e-71,1.46248e-71)   (1.29426e-70,4.38872e-70)  (-1.09728e-69,1.77152e-69) (-7.12358e-69,-3.03267e-69)  (9.68812e-70,-4.29043e-68)  (1.32387e-67,-9.18898e-68)   (4.37904e-67,2.51958e-67)  (-9.91486e-68,1.70518e-66)  (-4.52678e-66,2.60289e-66) (-1.28719e-65,-6.46673e-66) (-5.32184e-66,-3.80186e-65)  (6.90147e-65,-7.00788e-65)   (2.43334e-64,1.27651e-65)   (4.91529e-82,-3.5216e-81) (-6.65578e-82,-1.28663e-81) (-6.45114e-82,-3.44881e-82) (-3.57983e-82,-3.28936e-84)  (-9.87647e-83,1.25457e-83)  (-4.55652e-83,-7.6993e-85)  (-4.95799e-83,5.37697e-83) (-2.49718e-83,-2.96958e-83)  (-2.64809e-83,4.18065e-83) (-3.25145e-83,-5.72555e-83)    (1.54503e-83,9.2688e-84) (-1.21771e-82,-1.81781e-82) (-1.64347e-82,-4.07056e-82)  (-1.7084e-81,-1.81246e-81)  (-5.12597e-81,1.72176e-82)
(-1.57083e-80,-1.22231e-80) (-4.32883e-80,-2.61042e-80)  (-1.06546e-79,5.67022e-80)   (-2.6666e-79,2.76332e-80) (-9.51635e-79,-6.13358e-79) (-3.36683e-79,-3.73548e-78)  (3.21013e-78,-8.32891e-78)   (2.24622e-77,-1.0385e-77)   (7.55858e-77,1.27817e-77)    (1.4641e-76,1.31966e-76)   (4.87775e-77,4.63911e-76)  (-8.24164e-76,9.29836e-76)    (-3.429e-75,2.86668e-76) (-6.79292e-75,-5.89978e-75)   (2.34777e-74,2.68837e-74)   (1.87886e-74,9.58237e-74)    (2.0814e-67,1.22114e-67) (-6.23315e-68,-3.06428e-68)  (-2.72446e-68,9.32158e-69)  (-4.39618e-69,9.86366e-69)   (2.03363e-69,3.56555e-69)   (1.61986e-69,2.93649e-70)  (4.67446e-70,-3.20729e-70)   (1.2195e-71,-1.56575e-70) (-3.96416e-71,-2.53373e-71)  (-1.43854e-71,3.72763e-72)   (1.87965e-73,3.21282e-72)    (5.1858e-73,1.84181e-73)  (1.36477e-73,-8.06728e-74)   (2.84969e-74,4.89893e-74)  (-3.67993e-73,1.02148e-73) (-1.32856e-72,-1.02579e-72) (-8.50203e-72,-3.94808e-72)  (2.24135e-71,-3.53991e-71)   (4.19477e-70,5.71383e-71)  (-8.69135e-71,1.73408e-69)   (-6.1667e-69,6.50504e-70)  (-1.5308e-68,-2.91304e-68)  (5.30258e-68,-1.06473e-67)   (3.59719e-67,8.11528e-69)   (4.96249e-67,1.06184e-66)  (-1.84234e-66,2.93252e-66)  (-9.25442e-66,1.42323e-67) (-1.37336e-65,-1.95672e-65)   (4.87089e-65,6.70613e-65)   (2.41649e-65,1.97593e-64)  (-1.04743e-82,9.04366e-81)  (8.65179e-82,-2.96514e-81) (-1.58881e-82,-1.22613e-81) (-2.89867e-82,-4.98146e-82)  (-3.5496e-82,-1.76779e-82) (-2.36004e-82,-2.27942e-84) (-4.19003e-83,-7.78774e-83)    (-1.2132e-82,3.7226e-83)   (1.5535e-83,-1.17322e-82)   (6.27284e-84,3.54872e-83)  (5.02681e-83,-3.32414e-82)  (2.30371e-82,-5.86884e-82) (-6.69143e-82,-1.45156e-81) (-4.58241e-81,-4.17032e-81) (-1.57083e-80,-1.22231e-80)
(-3.99117e-80,-2.07463e-80) (-7.05767e-80,-6.52536e-80) (-3.15115e-80,-2.05437e-79) (-4.77599e-79,-6.38225e-80) (-1.34344e-78,-1.44878e-78) (-3.87688e-78,-6.26595e-78) (-5.77655e-78,-1.79867e-77)  (3.87392e-77,-5.56746e-78)   (1.04475e-76,5.29897e-77)   (1.45612e-76,2.51794e-76)  (-1.44087e-76,6.48815e-76)  (-1.48922e-75,8.38333e-76) (-4.41693e-75,-1.16731e-75)   (1.26768e-74,9.98292e-75)   (1.55789e-74,4.13497e-74)  (-1.98638e-74,1.15102e-73)    (1.7382e-67,5.31829e-68)  (7.35851e-68,-1.49346e-68)  (-1.89696e-68,1.26957e-68)  (-1.29999e-69,8.70655e-69)   (2.46891e-69,2.40042e-69)  (1.41569e-69,-1.58458e-70)  (3.15378e-70,-3.97146e-70) (-3.25348e-71,-1.41608e-70)  (-4.50534e-71,3.67652e-71)   (-4.59607e-72,1.6467e-71)   (1.21132e-72,3.09787e-72)    (5.8976e-73,1.48377e-74)   (1.21879e-73,1.26572e-73)   (5.68862e-74,3.85449e-74)  (-1.89751e-73,4.48507e-73) (-1.64022e-72,-3.20078e-73)  (5.98855e-72,-8.38366e-72)  (3.21695e-72,-3.81927e-71)   (3.4789e-70,-1.25999e-70)   (1.73188e-69,6.75349e-70)   (9.98813e-70,5.94447e-69) (-2.10596e-68,-1.44836e-68) (-1.65994e-69,-8.91176e-68)  (2.34039e-67,-1.14817e-67)   (6.48379e-67,5.02026e-67)  (-2.17341e-67,2.33649e-66)  (-5.40693e-66,2.79463e-66)  (2.06652e-65,-1.32761e-66)   (4.52617e-65,2.44691e-65)    (6.40149e-65,1.0205e-64)   (-1.25157e-80,1.2042e-80)  (-3.55254e-81,5.75231e-81)  (1.34801e-81,-2.51619e-81) (-8.26228e-83,-1.47771e-81)  (1.93689e-83,-5.57212e-82) (-2.68493e-83,-3.36265e-82) (-3.23477e-82,-1.31015e-82)  (1.10801e-82,-1.83434e-82)  (-3.58189e-83,9.22675e-83)  (4.04481e-82,-3.44246e-82)  (8.34709e-82,-4.36866e-82)  (6.30365e-82,-2.12476e-81)  (1.07633e-81,-6.62521e-81)  (-7.62357e-81,-9.7713e-81) (-3.99117e-80,-2.07463e-80)
(-1.15976e-80,-1.02079e-79) (-1.99627e-79,-9.51467e-80)  (1.90488e-80,-3.69276e-79)  (1.00532e-78,-1.28591e-78)  (3.90293e-78,-3.18911e-78) (-3.67227e-78,-1.14819e-77) (-1.60508e-78,-2.99309e-77)   (5.19643e-77,2.07519e-77)   (1.27753e-76,1.18938e-76)   (9.70847e-77,4.08171e-76)  (-4.60398e-76,8.05608e-76)  (-2.26143e-75,4.65329e-76) (-5.00641e-75,-3.25636e-75)   (1.11463e-74,1.71019e-74)   (1.45639e-75,5.40913e-74)   (-6.7731e-74,1.20818e-73)   (1.39161e-67,1.05063e-68)  (5.35233e-68,-2.48247e-68)  (-1.23305e-68,1.36461e-68)   (7.86028e-70,7.24006e-69)   (2.56064e-69,1.41761e-69)  (1.15483e-69,-4.69542e-70)  (1.73851e-70,-4.23604e-70) (-3.20344e-71,-1.21148e-70)    (-3.13062e-71,4.639e-71)   (4.06715e-73,1.70442e-71)  (-3.61675e-72,3.82676e-72)  (-5.80101e-74,1.17251e-72)   (1.78225e-73,8.95601e-74)   (2.77091e-74,4.76947e-74)  (-3.49702e-73,2.54796e-73)  (-1.59618e-72,1.71995e-72)  (1.62251e-72,-9.68094e-72)  (8.07717e-71,-3.39931e-71)   (3.20248e-70,1.72196e-70)  (1.56578e-69,-1.40789e-70)   (2.89717e-69,3.98206e-69) (-1.76156e-68,-6.80643e-69) (-3.12226e-68,-6.01199e-68)  (1.17067e-67,-1.52076e-67)     (5.72064e-67,1.182e-67)   (5.65821e-67,1.52001e-66)  (-2.47708e-66,3.25415e-66)  (1.18582e-65,-6.49255e-66)   (3.26702e-65,2.16637e-66)   (6.22207e-65,4.15811e-65) (-2.83852e-80,-1.95607e-81)  (-1.26216e-80,4.30316e-81)  (4.87907e-81,-6.70242e-82)  (2.12641e-81,-1.41988e-81)  (2.96258e-82,-1.54243e-81) (-3.22513e-82,-9.00466e-82)  (3.23433e-82,-3.25954e-82) (-1.45243e-82,-8.84276e-83)  (8.66966e-82,-2.32219e-83)   (1.42886e-81,3.06559e-82)  (2.66096e-81,-1.86357e-81)  (6.82813e-81,-5.97717e-81)  (5.67197e-82,-1.54506e-80)  (-7.1821e-82,-4.48284e-80) (-1.15976e-80,-1.02079e-79)
 (8.24493e-81,-1.84215e-79)  (2.41967e-79,-2.68538e-79) (-3.88903e-79,-6.53189e-79)  (2.08148e-78,-1.77412e-78)   (7.33001e-78,-3.7305e-78)   (1.72323e-77,1.41036e-79)  (8.52688e-78,-4.54754e-77)   (6.77962e-77,4.94687e-77)  (2.74297e-76,-7.75759e-77)  (-2.21473e-77,5.92269e-76)  (-9.11634e-76,8.86306e-76) (-3.05681e-75,-2.63726e-76) (-4.94017e-75,-5.90135e-75)   (6.87881e-75,2.45674e-74)  (-1.84209e-74,6.29557e-74)  (-1.20102e-73,1.10083e-73)  (1.08015e-67,-1.46696e-68)  (3.73243e-68,-2.87444e-68)  (-7.22919e-69,1.31865e-68)   (2.09877e-69,5.73298e-69)    (2.4363e-69,6.32751e-70)  (8.79893e-70,-6.63442e-70) (-4.32837e-70,-1.81427e-70) (-5.93682e-71,-1.01445e-70)  (-1.68633e-71,5.14023e-71)   (-1.5278e-71,3.53594e-72)  (-2.48907e-72,4.83478e-72)   (2.88914e-73,1.22145e-72)  (2.32637e-73,-1.13154e-73)   (1.88514e-73,1.03817e-73)  (-2.19557e-73,3.84319e-73)  (-1.5148e-72,-2.22479e-72) (-8.38376e-72,-4.32073e-72)  (5.38514e-71,-5.95124e-71)   (3.20785e-70,1.74665e-71)    (6.52262e-71,1.0585e-69)    (3.5645e-69,1.94325e-69)  (-1.49702e-68,1.12678e-69)  (-5.09976e-68,3.61351e-68)   (3.08026e-68,-1.4007e-67)  (4.11787e-67,-9.75456e-68)   (8.08967e-67,8.06032e-67)  (-6.26351e-67,2.73275e-66)  (5.46188e-66,-7.17741e-66)  (2.00555e-65,-7.23531e-66)   (4.68277e-65,8.72409e-66) (-3.74162e-80,-3.26936e-80) (-1.86088e-80,-1.01684e-80)   (8.80199e-81,2.55917e-81)  (4.68285e-81,-1.58376e-81)  (2.28247e-81,-3.45179e-82)  (1.37784e-81,-5.19539e-82)  (-9.3436e-82,-2.67974e-82)   (1.50088e-81,5.41542e-82)  (1.69552e-81,-3.55118e-83)   (2.90212e-81,6.68629e-82)  (5.47024e-81,-3.10193e-81)  (1.41305e-80,-9.85462e-81)  (3.33452e-80,-4.33451e-80) (-2.28311e-80,-9.23244e-80)  (8.24493e-81,-1.84215e-79)
(-1.18398e-79,-3.84979e-79)   (4.7852e-79,-3.84119e-79) (-4.48056e-79,-1.18045e-78)  (1.58669e-78,-4.30192e-78)  (1.25595e-77,-3.49788e-78)   (2.59884e-77,5.79857e-78)   (3.31723e-77,5.38918e-77)   (7.98917e-77,9.35119e-77)   (4.06129e-76,-1.3063e-77)  (-2.35101e-76,7.86974e-76)  (-1.49512e-75,8.35175e-76)  (-3.76356e-75,-1.4006e-75) (-3.98171e-75,-8.94064e-75)   (-3.82204e-76,3.1523e-74)  (-4.29343e-74,6.60408e-74)  (-1.71743e-73,8.16902e-74)  (8.16803e-68,-2.84246e-68)  (2.46966e-68,-2.90983e-68)  (-3.44468e-69,1.19746e-68)   (2.84351e-69,4.32906e-69)   (2.18746e-69,3.44006e-71)  (6.16947e-70,-7.65203e-70) (-4.25774e-70,-6.22072e-71) (-7.84476e-71,-7.83451e-71) (-3.75032e-71,-2.79712e-71)  (-1.38227e-71,7.40085e-72)  (-1.16304e-72,5.49182e-72)   (1.29867e-72,4.93797e-73)  (2.15775e-73,-1.90963e-73)   (2.34938e-73,3.50507e-74)    (2.87445e-73,5.7571e-73)  (-2.24856e-72,-1.4259e-72)  (-8.98857e-72,-5.5469e-73) (-2.54002e-71,-7.43821e-71)  (2.66352e-70,-1.01942e-70)    (4.2553e-70,8.05811e-70)  (-2.94352e-69,3.12133e-69)  (-1.05841e-68,5.78496e-69)  (-2.46776e-68,4.19969e-68)  (-2.2121e-68,-1.06406e-67)  (2.47714e-67,-1.88732e-67)   (7.62645e-67,2.95931e-67)   (3.56333e-67,1.92548e-66)   (1.5058e-66,-5.95197e-66)  (1.04512e-65,-9.58934e-66)  (3.03633e-65,-6.30969e-66) (-4.93085e-81,-8.13121e-80) (-1.97592e-80,-3.26092e-80)   (5.79483e-81,1.52513e-80)   (6.78066e-81,5.87994e-81)  (3.67552e-81,-4.79593e-82)  (1.45355e-81,-1.20629e-81)   (4.76715e-82,1.55924e-81)   (3.11107e-81,1.27141e-81)   (3.47724e-81,3.45769e-81)   (9.35674e-81,9.00174e-82)   (2.37984e-80,3.88891e-82)   (2.6588e-80,-2.58744e-80)  (6.84334e-80,-7.03392e-80) (-1.86353e-80,-1.66799e-79) (-1.18398e-79,-3.84979e-79)
(-1.09907e-79,-6.66042e-79)  (3.19294e-79,-1.16694e-78)   (3.95348e-78,4.45045e-79)  (3.64468e-78,-6.25781e-78)  (1.60534e-77,-1.70173e-77)   (3.67029e-77,1.62404e-77)   (3.13857e-77,8.76567e-77)   (8.28779e-77,1.55774e-76)   (5.57233e-76,1.10338e-76)   (1.15891e-75,8.43904e-76)  (-2.19165e-75,5.92916e-76) (-4.24961e-75,-2.96653e-75) (-1.93893e-75,-1.21407e-74)  (-1.06371e-74,3.70515e-74)  (-7.04606e-74,6.18608e-74)  (-2.17463e-73,3.60497e-74)   (6.0222e-68,-3.48887e-68)   (1.5113e-68,-2.74439e-68)  (-7.28696e-70,1.04237e-68)   (3.18566e-69,3.09534e-69)    (1.87724e-69,-4.011e-70) (-9.60894e-70,-5.87367e-70)    (-3.9537e-70,3.7173e-71) (-9.00619e-71,-5.41679e-71) (-4.20895e-71,-1.74954e-71)  (-1.15749e-71,1.06088e-71)    (4.6927e-72,4.79382e-72)    (1.4766e-72,1.63799e-73)   (4.27075e-73,3.71801e-73)   (1.39264e-73,1.09404e-74)    (4.92871e-73,4.3104e-73)  (-2.10553e-72,1.60076e-72) (-7.35238e-72,-1.99454e-71) (-4.82382e-71,-5.39897e-71)  (1.12641e-71,-3.23536e-70)   (6.13347e-70,4.94648e-70)  (-1.22692e-69,3.37285e-69)  (-6.02689e-69,7.71302e-69)  (-4.81359e-69,3.81037e-68)  (-8.38883e-68,6.48246e-68)  (1.15202e-67,-2.02017e-67)   (5.9529e-67,-1.58831e-68)   (7.56885e-67,1.16785e-66) (-5.89899e-67,-4.21723e-66)  (4.16739e-66,-8.67705e-66)  (1.72613e-65,-1.12792e-65)  (5.88661e-80,-1.14254e-79)  (6.08406e-81,-5.78647e-80)  (-1.79091e-81,2.32943e-80)   (6.19545e-81,1.04909e-80)    (5.45223e-81,2.9665e-81)  (-4.61558e-82,1.05817e-81)  (-3.10677e-81,4.26776e-81)   (2.18896e-81,7.28525e-81)   (1.18025e-80,9.25217e-81)   (2.83001e-80,1.97358e-80)  (4.92428e-80,-8.57639e-81)   (1.21267e-79,-2.2793e-80)  (9.60585e-80,-1.71708e-79)  (2.55005e-79,-2.39466e-79) (-1.09907e-79,-6.66042e-79)
   (1.01837e-78,7.8982e-80)   (7.63061e-79,-1.7768e-78)   (6.03267e-78,1.62075e-78)   (1.46341e-77,8.39578e-78)  (2.82439e-77,-2.10885e-77)  (7.17587e-77,-2.66392e-77)   (1.99542e-77,1.32618e-76)  (-1.62257e-76,2.98236e-76)   (7.15746e-76,3.10026e-76)   (1.26563e-75,1.44443e-75)  (-2.96457e-75,1.01277e-76)  (-4.37171e-75,-4.9474e-75)  (1.31805e-75,-1.52125e-74)  (-2.36332e-74,4.02517e-74)  (-9.90407e-74,4.94439e-74)    (1.7171e-73,7.62566e-75)  (4.31679e-68,-3.68225e-68)  (8.00614e-69,-2.47671e-68)   (1.15046e-69,8.78401e-69)   (3.25258e-69,2.05376e-69)  (1.54747e-69,-7.01208e-70) (-9.66346e-70,-3.27601e-70)  (-3.49883e-70,1.16149e-70) (-6.09771e-71,-1.22657e-70) (-4.39694e-71,-7.07803e-72)   (7.05782e-72,1.90771e-71)    (5.8776e-72,3.65649e-72)   (6.50213e-73,2.29847e-72)   (5.58357e-73,3.27758e-73)  (2.44516e-73,-1.33245e-73)  (-6.57431e-73,4.03303e-73)   (-1.3677e-72,2.22902e-72) (-1.35309e-71,-1.50913e-71)  (1.47284e-71,-7.36003e-71) (-9.95054e-71,-2.72262e-70)   (5.4405e-70,-6.19582e-70)   (1.25057e-70,3.02328e-69)  (-7.68755e-69,5.31756e-69)   (7.96879e-69,2.95586e-68)   (-4.1353e-68,7.12215e-68)  (2.33413e-68,-1.74502e-67)  (4.03988e-67,-1.74473e-67)   (8.18601e-67,5.83417e-67) (-1.46869e-66,-2.62231e-66)  (5.44934e-67,-6.63277e-66)  (-6.97189e-66,7.17481e-66)  (1.96707e-79,-8.83177e-80)   (7.3857e-80,-7.36666e-80)  (-2.43682e-80,2.96697e-80)  (-1.25976e-80,2.80337e-80)  (-6.29797e-82,1.98451e-80)  (-6.68895e-81,1.37371e-81)  (-3.20577e-81,7.83483e-81)   (9.14354e-81,2.34647e-80)   (2.08355e-80,4.84307e-80)   (6.49612e-80,2.70798e-80)  (8.56219e-80,-8.60826e-81)  (2.08493e-79,-2.06262e-80)  (3.98762e-79,-6.22705e-80)  (3.10514e-79,-6.59651e-79)    (1.01837e-78,7.8982e-80)
  (1.58596e-78,3.12804e-79)   (3.88548e-78,4.40696e-78)   (9.4425e-78,-2.87978e-78)   (1.98365e-77,1.57833e-77)   (1.77276e-77,4.32742e-77)  (1.08598e-76,-2.01175e-77)  (-6.23764e-78,1.89338e-76)  (-2.98459e-76,3.61889e-76)   (8.64095e-76,6.02591e-76)   (1.23956e-75,2.21039e-75) (-3.76005e-75,-6.92371e-76) (-3.98519e-75,-7.29182e-75)  (5.84553e-75,-1.78313e-74)  (-3.88895e-74,4.03041e-74)   (-1.2655e-73,2.83683e-74)   (1.88297e-73,5.66592e-74)  (2.98616e-68,-3.60452e-68)  (2.85478e-69,-2.16759e-68)   (2.39128e-69,7.19932e-69)    (3.13924e-69,1.2011e-69)  (1.22454e-69,-8.92727e-70) (-9.24349e-70,-1.07629e-70)  (-2.95791e-70,1.75747e-70) (-8.24879e-71,-1.01694e-70)  (-4.35375e-71,2.75075e-72)    (1.12001e-71,1.7077e-71)  (-2.59507e-72,6.01321e-72)   (1.21291e-72,2.20949e-72)  (6.86229e-73,-2.58509e-73)  (4.74388e-73,-7.20158e-75)   (-4.7885e-73,6.13303e-73) (-6.27751e-72,-1.09178e-72)  (-2.03388e-71,3.50152e-72) (-1.16312e-71,-6.85688e-71)  (2.00962e-70,-5.26791e-71)   (2.46506e-70,-6.7807e-70)   (1.03731e-69,2.35117e-69)  (-4.31479e-69,6.41487e-69)   (1.46553e-68,1.98241e-68)  (-9.97192e-69,6.39443e-68) (-3.16917e-68,-1.31229e-67)   (2.35912e-67,-2.3043e-67)   (7.12894e-67,1.87659e-67) (-1.64481e-66,-1.39434e-66) (-1.24703e-66,-4.51247e-66)  (-2.86227e-66,6.29047e-66)   (2.90882e-79,1.32983e-80)  (1.23551e-79,-4.86943e-80)   (-8.7398e-80,2.39714e-80)  (-4.82129e-80,2.08142e-80)  (-2.58455e-80,2.42497e-80)   (-6.45833e-81,7.3431e-81)  (-3.96591e-82,3.19237e-80)  (-9.84795e-81,8.36185e-80)   (3.13945e-80,8.37617e-80)     (1.069e-79,5.14305e-80)   (2.41372e-79,1.21639e-79)   (3.6927e-79,-1.51742e-79)  (6.55587e-79,-4.19247e-80)  (6.05343e-79,-1.00178e-78)   (1.58596e-78,3.12804e-79)
 (2.66276e-78,-1.36123e-78)   (5.06373e-78,7.36287e-78)  (1.45721e-77,-2.42174e-78)   (4.31562e-77,3.68323e-78)   (1.58281e-77,6.55908e-77)  (1.56277e-76,-3.36601e-78)  (-1.07876e-76,2.19138e-76)  (-4.86959e-76,4.11259e-76)  (-1.27876e-75,9.69182e-77)   (1.02155e-75,3.13567e-75)  (-9.35186e-76,6.90865e-75)   (-2.95327e-75,-9.912e-75)  (1.16212e-74,-1.96567e-74)  (-5.57337e-74,3.65228e-74) (-1.50854e-73,-1.24982e-75)   (1.93383e-73,1.12339e-73)  (1.96336e-68,-3.37396e-68) (-7.85376e-70,-1.85324e-68)   (3.15568e-69,5.74592e-69)   (2.91461e-69,5.21285e-70) (-1.71539e-69,-9.51091e-70)  (-8.50733e-70,7.24064e-71) (-1.02296e-71,-2.97952e-70) (-9.76897e-71,-7.89665e-71)  (-3.96588e-71,8.38879e-73)   (1.46582e-71,1.43616e-71)  (-1.28662e-72,6.62107e-72)   (3.09248e-72,3.67943e-73)  (6.50387e-73,-4.80415e-73)   (3.16719e-73,3.00108e-73)    (3.88019e-73,6.8246e-73)  (-6.14886e-72,1.03502e-72)  (-1.71387e-71,9.75945e-72) (-7.88845e-71,-2.29417e-71)   (1.53741e-70,-1.0786e-70) (-5.11158e-72,-6.34698e-70)    (1.06902e-69,1.7658e-69)  (-1.49228e-69,6.27194e-69)  (-1.58617e-68,2.44872e-69)   (1.03111e-68,5.03627e-68)  (-7.45001e-68,1.00733e-67)  (1.07897e-67,-2.25959e-67)  (5.46082e-67,-4.94824e-68) (-1.47013e-66,-5.53154e-67) (-1.91116e-66,-2.74781e-66)   (-4.6591e-67,4.83411e-66)   (3.82624e-79,2.10135e-79)   (2.04062e-79,3.48682e-81) (-1.44172e-79,-5.64285e-80)  (-9.75833e-80,1.33726e-80)  (-2.62224e-80,3.65828e-80)  (-1.69667e-80,4.88824e-80)  (-8.31936e-80,1.12969e-79)  (-2.19551e-80,1.37607e-79)   (9.24333e-80,1.44072e-79)   (1.99185e-79,3.05719e-79)   (4.98889e-79,7.85303e-80)   (6.92063e-79,3.67789e-79)  (1.17066e-78,-5.92073e-79)    (1.2402e-78,1.16821e-78)  (2.66276e-78,-1.36123e-78)
 (4.20191e-78,-1.63331e-78)   (6.25698e-78,1.17282e-77)   (6.82653e-78,3.20467e-77)   (6.09327e-77,1.34945e-77)   (8.97143e-78,9.50983e-77)  (-1.33245e-76,1.45617e-76)  (-1.93219e-76,2.71551e-76)   (-7.34943e-76,4.3261e-76) (-1.67289e-75,-1.70686e-76)   (5.49354e-76,4.20074e-75)  (-2.81385e-75,8.30705e-75) (-1.15546e-75,-1.26869e-74)   (1.8545e-74,-2.03526e-74)  (-7.33498e-74,2.83904e-74) (-1.69935e-73,-3.88054e-74)   (1.85526e-73,1.71961e-73)  (1.18769e-68,-3.06618e-68)  (-3.27685e-69,-1.5541e-68)   (3.57164e-69,4.45798e-69)  (2.62767e-69,-7.24198e-72) (-1.68314e-69,-5.58144e-70)  (-7.57754e-70,2.14873e-70) (-6.40611e-71,-2.73296e-70) (-1.07213e-70,-5.58466e-71)   (-3.80601e-71,8.6315e-72)  (-1.69068e-71,7.36503e-72)    (9.4642e-74,6.94086e-72)   (3.27094e-72,-2.9044e-73)   (9.97738e-73,6.34607e-73)   (4.36426e-73,2.26566e-73)   (5.94512e-73,5.20213e-73)  (-5.39399e-72,2.90252e-72) (-1.89928e-71,-9.47453e-72)  (-7.63685e-71,4.06993e-72)  (9.87367e-71,-1.38886e-70)   (6.69708e-70,2.26778e-70)   (1.37944e-69,1.11972e-69)   (5.98696e-70,5.38502e-69)  (-1.15811e-68,6.29408e-69)   (2.13722e-68,3.52816e-68)  (-2.86558e-68,9.40956e-68)  (2.06355e-68,-1.91367e-67)  (3.76558e-67,-1.70323e-67) (-1.16014e-66,-3.44783e-68)  (-1.95179e-66,-1.4467e-66)   (7.64753e-67,3.38232e-66)   (2.50505e-79,5.15241e-79)     (1.99466e-79,1.588e-79)  (-2.64667e-79,-1.6255e-79)  (-2.18258e-79,2.11552e-82)  (-5.31317e-80,8.59319e-80)  (-1.57596e-79,1.09144e-79)  (-1.39624e-79,1.75241e-79)   (1.60965e-80,2.58693e-79)   (2.77527e-80,5.13794e-79)   (2.85729e-79,4.99857e-79)   (7.76883e-79,1.66062e-79)   (1.03884e-78,6.45078e-79)  (1.87229e-78,-7.71008e-79)   (1.72415e-78,1.94872e-78)  (4.20191e-78,-1.63331e-78)
 (-4.96527e-79,1.29636e-77)   (1.76703e-77,9.35715e-78)    (4.4554e-78,4.68416e-77)   (8.31306e-77,2.96621e-77)   (-5.3372e-78,1.32762e-76)  (-2.08811e-76,1.71109e-76)  (-3.11757e-76,3.21437e-76)   (-1.04776e-75,4.0925e-76) (-2.09785e-75,-5.78351e-76)  (-2.39467e-76,5.37199e-75)  (-5.30969e-75,9.53632e-75)   (1.5056e-75,-1.54671e-74)  (2.64439e-74,-1.96044e-74)   (-9.0826e-74,1.55786e-74) (-1.81993e-73,-8.32772e-74)   (1.63975e-73,2.32672e-73)  (6.07271e-69,-2.72855e-68) (-4.90746e-69,-1.28072e-68)   (3.73808e-69,3.34446e-69)  (2.31231e-69,-4.07325e-70) (-1.59634e-69,-2.29239e-70)  (-6.54633e-70,3.23473e-70) (-1.07503e-70,-2.42591e-70) (-1.11801e-70,-3.33474e-71)  (-3.51894e-71,1.55262e-71)    (-1.527e-71,1.05655e-71)    (1.4907e-72,6.97717e-72)     (3.298e-72,-9.7826e-73)    (1.2859e-72,6.01212e-73)  (5.00919e-73,-3.06372e-73)  (-7.34982e-73,1.87866e-72)  (-7.32596e-73,6.38005e-72) (-2.01113e-71,-2.94296e-72)  (-6.63774e-71,2.62081e-71)  (4.44656e-71,-1.48669e-70)  (6.27342e-70,-1.87941e-72)   (1.44495e-69,5.28879e-70)   (1.96025e-69,4.14699e-69)  (-7.37454e-69,8.04845e-69)   (2.56286e-68,2.14421e-68)   (2.53206e-69,7.79974e-68) (-3.23325e-68,-1.46133e-67)   (2.31529e-67,-2.1418e-67)  (-8.33366e-67,2.46847e-67) (-1.69507e-66,-5.70906e-67)   (1.26822e-66,2.16991e-66)  (-2.73607e-79,6.48511e-79)  (-6.26476e-80,2.94228e-79) (-3.25649e-79,-3.05049e-79) (-5.05975e-79,-2.30397e-79)  (-3.22299e-79,9.16863e-80)  (-2.57943e-79,1.93792e-79)    (-1.69529e-79,3.595e-79)  (-3.17599e-79,6.86057e-79)    (1.8633e-80,7.97266e-79)   (7.73751e-79,6.74318e-79)   (7.19924e-79,1.31147e-78)    (2.32851e-78,3.0242e-79)   (5.72386e-79,2.78777e-78)   (4.60533e-78,7.18644e-79)  (-4.96527e-79,1.29636e-77)
 (-2.38356e-78,1.86305e-77)     (2.382e-77,1.58106e-77)  (-8.84978e-79,6.63508e-77)   (-5.78196e-77,9.4193e-77)   (1.67103e-76,1.65769e-76)   (-3.0973e-76,1.90499e-76)  (-4.69434e-76,3.62476e-76)  (-1.03034e-76,1.63917e-75) (-2.53193e-75,-1.15244e-75)  (-1.40464e-75,6.60172e-75)  (-8.45205e-75,1.04582e-74)  (5.09893e-75,-1.80809e-74)  (3.50813e-74,-1.71338e-74) (-1.07203e-73,-2.04551e-75) (-1.85519e-73,-1.33313e-73)    (1.28614e-73,2.9164e-73)  (1.79328e-69,-2.38985e-68) (-5.90149e-69,-1.03753e-68)   (3.73017e-69,2.39981e-69)  (1.99139e-69,-7.00795e-70)  (-1.47416e-69,3.98387e-71)  (-5.48118e-70,4.02477e-70) (-1.41222e-70,-2.08384e-70)  (-4.75907e-71,1.17725e-70)  (-3.13485e-71,2.14156e-71)  (-1.31547e-71,1.32952e-71)   (9.24273e-72,2.11588e-72)   (1.22957e-72,3.04998e-72)   (1.47821e-72,3.66179e-73)   (4.54141e-73,-4.6214e-73)  (-1.31271e-73,2.03204e-72)   (1.17226e-72,6.19398e-72)  (-1.92391e-71,3.11051e-72)  (-1.20801e-71,-5.2037e-71)  (-1.5651e-70,-6.83752e-71)  (5.30907e-70,-1.75703e-70)   (1.33965e-69,4.39253e-71)  (4.18631e-69,-2.06637e-69)  (-3.74217e-69,8.30812e-69)    (2.53654e-68,1.0125e-68)   (2.13274e-68,5.87787e-68)  (-5.9538e-68,-1.01465e-67)  (1.19871e-67,-2.11977e-67)  (-5.46261e-67,3.68749e-67) (-1.33407e-66,-3.14066e-68)    (1.35587e-66,1.2547e-66) (-7.60018e-79,-5.95058e-80) (-4.68563e-79,-1.45756e-79) (-5.32346e-79,-9.02467e-79)  (-7.21059e-79,-3.9681e-79)  (-6.16889e-79,3.46638e-79)  (-4.08929e-79,4.95556e-79)  (-8.95786e-79,6.99123e-79)   (-4.7401e-79,1.05965e-78)   (5.01101e-79,1.29697e-78)   (1.83715e-80,1.90733e-78)   (9.93041e-79,2.02443e-78)   (3.43528e-78,6.38113e-79)   (5.59668e-79,4.16871e-78)   (6.63343e-78,1.58048e-78)  (-2.38356e-78,1.86305e-77)
   (1.29367e-77,2.4335e-77)  (-2.97619e-77,5.30453e-77)   (6.15663e-77,8.74575e-77)  (-9.28405e-77,1.19282e-76)   (1.97082e-76,2.48675e-76)  (-4.40132e-76,1.98578e-76) (-1.02427e-75,-2.73898e-76)  (-4.30754e-76,2.06706e-75)  (-2.9471e-75,-1.91744e-75) (-1.07589e-75,-5.93907e-75)  (-1.22454e-74,1.09242e-74)  (9.66177e-75,-2.03407e-74)  (4.41676e-74,-1.27094e-74)  (-1.2152e-73,-2.44233e-74)   (1.66443e-73,6.27329e-74)   (7.99019e-74,3.46181e-73)   (6.89164e-69,1.24214e-68) (-6.43131e-69,-8.25313e-69)    (3.6042e-69,1.61086e-69)  (1.67972e-69,-9.07363e-70)  (-1.33105e-69,2.54953e-70)  (9.69849e-71,-4.48762e-70) (-1.66136e-70,-1.72645e-70)  (-2.57636e-71,1.20416e-70) (-5.13605e-71,-1.11036e-72)  (-1.06856e-71,1.55259e-71)   (9.72471e-72,4.52484e-73)    (1.9077e-72,2.91309e-72)  (1.45457e-72,-1.17245e-72)    (1.08714e-72,7.1507e-73)   (1.68546e-72,1.39759e-72)  (-5.14157e-72,4.63719e-72)  (-8.07494e-72,2.23471e-71) (-2.52152e-71,-4.33245e-71) (-1.55654e-70,-1.72499e-71)  (4.06357e-70,-2.92567e-70)   (1.25237e-69,5.65658e-70)  (2.88951e-69,-2.77208e-69)  (-8.92514e-70,7.61062e-69)  (-1.80668e-68,5.06369e-69)   (3.06781e-68,4.01993e-68) (-6.90531e-68,-6.29133e-68)  (4.08314e-68,-1.85656e-67)  (-3.18951e-67,3.92405e-67)   (6.46458e-67,-3.5888e-67)    (1.2314e-66,6.13536e-67)  (1.15542e-78,-2.99294e-78) (-1.20282e-78,-4.08495e-79) (-9.85917e-79,-1.09653e-78) (-1.20224e-78,-3.77881e-79)  (-9.96037e-79,5.25708e-79)  (-1.69581e-78,3.46444e-79)  (-1.32833e-78,1.02095e-78)  (-1.64016e-79,1.99393e-78)   (7.05409e-79,1.91311e-78)   (-6.2916e-80,2.81569e-78)   (3.27474e-78,2.59139e-78)  (-1.64263e-78,4.45891e-78)   (5.47129e-78,4.85303e-78)  (-1.11163e-77,1.55007e-77)    (1.29367e-77,2.4335e-77)
  (1.53509e-77,3.53227e-77)  (-4.73564e-77,6.94305e-77)   (7.22176e-77,1.26924e-76)  (-1.41209e-76,1.46777e-76)   (2.23138e-76,3.57907e-76)   (-5.8725e-76,2.92641e-77) (-1.26626e-75,-5.19419e-76)  (-8.96379e-76,2.52924e-75) (-3.30939e-75,-2.89477e-75) (-2.29465e-76,-7.42118e-75)  (-1.66682e-74,1.07806e-74)  (1.51979e-74,-2.20503e-74)  (5.33724e-74,-6.15487e-75) (-1.32847e-73,-5.13183e-74)   (1.72753e-73,1.02475e-73)   (1.87765e-74,3.93855e-73)   (7.37295e-69,9.92508e-69) (-6.62796e-69,-6.42796e-69)   (3.40181e-69,9.60942e-70)  (1.38645e-69,-1.04419e-69)  (-1.17768e-69,4.22614e-70)  (2.30902e-71,-4.30311e-70) (-1.83278e-70,-1.36858e-70)  (-5.37217e-72,1.19552e-70)  (-5.02956e-71,7.43856e-72)   (-1.1166e-71,1.36151e-71)  (9.91685e-72,-1.24342e-72)   (2.48554e-72,2.65989e-72)  (1.30648e-72,-1.50223e-72)   (1.32757e-72,4.77367e-73)   (2.03214e-72,8.72118e-73)  (-3.59458e-72,5.76304e-72)  (-1.46773e-72,2.27771e-71) (-3.42851e-71,-3.23328e-71)  (-1.41729e-70,2.57398e-71)  (3.26925e-70,-2.67989e-70)   (1.20033e-69,1.57514e-70)   (1.6914e-69,-3.01335e-69)   (1.15084e-69,6.38644e-69)  (-1.31411e-68,8.37778e-69)   (3.34227e-68,2.41833e-68) (-6.74741e-68,-3.24884e-68) (-1.06027e-68,-1.49545e-67)  (-1.52309e-67,3.61524e-67)  (3.99516e-67,-4.00124e-67)   (1.01903e-66,1.93961e-67)  (1.01786e-78,-3.77144e-78) (-2.97218e-78,-1.02764e-78) (-1.24403e-78,-1.34313e-78) (-1.58946e-78,-5.09128e-79) (-2.90592e-78,-1.45021e-79)  (-2.41625e-78,5.23083e-79)  (-1.41427e-78,2.37696e-78)  (-2.91651e-79,2.89954e-78)  (-1.68833e-78,3.25039e-78)     (2.2099e-78,4.6475e-78)   (4.57138e-78,3.92453e-78)  (-2.67503e-78,6.26676e-78)   (7.35608e-78,7.35938e-78)  (-1.71677e-77,2.07419e-77)   (1.53509e-77,3.53227e-77)
  (1.74634e-77,5.00163e-77)  (-7.19986e-77,8.88681e-77)   (8.13039e-77,1.78898e-76)  (-2.06016e-76,1.75557e-76)  (-4.95998e-76,-7.9753e-77) (-7.59487e-76,-4.90477e-77) (-1.52369e-75,-8.53444e-76)   (-1.52427e-75,3.0098e-75)  (-5.69907e-75,4.02605e-75)   (9.9276e-76,-8.99608e-75)  (-2.16724e-74,9.87353e-75)  (2.16772e-74,-2.30111e-74)   (6.23377e-74,2.64651e-75) (-1.40323e-73,-8.23346e-74)    (1.7236e-73,1.45728e-73)  (-5.34375e-74,4.32537e-73)   (7.51037e-69,7.80865e-69)  (-6.5902e-69,-4.87616e-69)   (3.15336e-69,4.32499e-70)   (1.1167e-69,-1.12587e-69)  (-1.02176e-69,5.49353e-70)  (-4.00843e-71,-4.0391e-70)  (-1.55094e-70,2.32341e-70)   (1.32457e-71,1.15772e-70)  (-4.80002e-71,1.52764e-71)  (-8.89218e-72,1.53696e-71)  (-2.74586e-72,8.75394e-72)   (2.97307e-72,2.30733e-72)  (1.10025e-72,-1.80667e-72)   (1.51049e-72,1.83818e-73)   (2.21708e-72,2.86934e-73)  (-1.89603e-72,6.38728e-72)   (4.51758e-72,2.14761e-71) (-3.93937e-71,-2.04643e-71)  (3.56365e-71,-1.62514e-70)  (2.16179e-70,-3.14458e-70)  (1.05932e-69,-1.62674e-70)  (6.77145e-70,-2.92205e-69)  (6.13313e-69,-3.39087e-69)  (-8.59657e-69,9.80677e-69)    (3.19404e-68,1.1459e-68) (-5.97137e-68,-1.01941e-68) (-4.06766e-68,-1.12245e-67)  (-3.83925e-68,3.05111e-67)  (2.15433e-67,-3.80415e-67)  (7.88959e-67,-6.02971e-68)   (1.25446e-78,-3.9964e-78)  (-3.92205e-78,-6.0515e-78) (-2.31478e-78,-4.56147e-78) (-3.58668e-78,-2.74931e-78) (-4.28014e-78,-2.44691e-79)  (-3.22383e-78,2.34319e-78)  (-2.12427e-78,3.59775e-78)   (-4.02134e-78,3.1771e-78)  (-2.47682e-78,4.59743e-78)   (2.98028e-78,6.70248e-78)   (-5.9913e-78,5.17391e-78)   (3.70788e-78,1.09134e-77)    (9.6965e-78,1.08574e-77)  (-2.56611e-77,2.71914e-77)   (1.74634e-77,5.00163e-77)
 (-9.87144e-77,4.56809e-77)  (-5.35423e-78,1.78278e-76)  (-2.27691e-76,5.82956e-77)   (-1.33532e-78,4.5966e-76) (-6.29163e-76,-1.67837e-76) (-9.59306e-76,-1.67517e-76) (-1.78687e-75,-1.29115e-75)  (-2.33818e-75,3.48818e-75)   (-7.5645e-75,4.00664e-75)  (2.64061e-75,-1.06158e-74)  (-2.71844e-74,8.05362e-75)  (2.90371e-74,-2.30287e-74)   (7.06895e-74,1.37504e-74) (-1.43177e-73,-1.16941e-73)    (1.6463e-73,1.91403e-73)  (-1.35124e-73,4.60449e-73)   (7.41102e-69,6.02871e-69) (-6.39182e-69,-3.56938e-69)     (2.8807e-69,8.4672e-72)   (8.7289e-70,-1.16455e-69)  (-8.68703e-70,6.41365e-70)  (-9.3086e-71,-3.72086e-70)  (-1.13916e-70,2.42739e-70)   (2.98946e-71,1.09665e-70)   (-4.4702e-71,2.22987e-71)  (-6.45783e-72,1.67044e-71)  (-1.38517e-72,9.30868e-72)  (4.62362e-72,-2.22094e-72)   (2.04136e-72,8.91167e-73)  (1.24614e-72,-1.28617e-72)   (1.08436e-72,2.33399e-72)    (5.6285e-72,6.14195e-72)  (-1.69583e-71,2.11542e-73)  (-3.06249e-71,4.01663e-71) (-8.20771e-72,-1.53542e-70)  (1.12297e-70,-3.27037e-70)  (8.68449e-70,-3.92919e-70) (-1.19613e-70,-2.61515e-69)  (4.27965e-69,-4.21991e-69)  (-4.74533e-69,9.91278e-69)   (2.80553e-68,2.04298e-69)  (-4.91685e-68,4.96093e-69)  (-5.5332e-68,-7.83814e-68)   (3.36463e-68,2.41093e-67)  (8.63008e-68,-3.30456e-67)  (5.77007e-67,-1.98496e-67)  (4.24975e-78,-1.01683e-77) (-5.79994e-78,-9.41902e-78) (-3.39919e-78,-5.70104e-78)  (-4.90022e-78,-3.5052e-78)   (-6.7844e-78,1.84553e-78)  (-4.40704e-78,3.41658e-78)   (-7.0177e-78,1.81481e-78)  (-5.72322e-78,4.39287e-78)  (-9.44273e-80,9.26698e-78)   (3.95966e-78,9.49381e-78)  (-8.59542e-78,6.92304e-78)   (4.43788e-78,1.53621e-77)   (-3.6531e-77,1.38662e-77)  (-6.22774e-78,5.24131e-77)  (-9.87144e-77,4.56809e-77)
 (-1.35661e-76,5.22759e-77)  (-2.44251e-77,2.34932e-76)  (-3.03607e-76,5.18762e-77)  (-5.45269e-77,5.93351e-76) (-7.81877e-76,-2.91445e-76) (-1.18614e-75,-3.35676e-76) (-2.04338e-75,-1.84764e-75) (-7.84698e-76,-4.67503e-75)   (-9.72314e-75,3.7196e-75)  (4.75844e-75,-1.22233e-74)  (-3.31064e-74,5.17998e-75) (-5.41409e-74,-2.46461e-74)   (7.80497e-74,2.71519e-74) (-1.40743e-73,-1.54496e-73)   (1.49136e-73,2.38351e-73)  (-2.24462e-73,4.76184e-73)   (7.15332e-69,4.54186e-69)  (-6.08752e-69,-2.4782e-69)  (2.59927e-69,-3.26929e-70)  (-1.86605e-69,1.93375e-70)  (-7.22172e-70,7.04312e-70) (-1.36676e-70,-3.36857e-70)  (-7.50191e-71,2.46828e-70)  (-9.80827e-71,-2.9609e-71)  (-4.06153e-71,2.84443e-71)  (-3.94189e-72,1.76168e-71)   (5.78993e-75,9.66033e-72)  (4.41082e-72,-3.01076e-72)   (2.26733e-72,5.83426e-73)  (1.03418e-72,-1.61788e-72)   (1.67773e-72,2.01756e-72)    (6.8457e-72,4.47295e-72)  (-1.57732e-71,4.27947e-72)  (-1.83986e-71,4.40822e-71)  (-4.3859e-71,-1.35572e-70)   (2.1708e-71,-3.13706e-70)  (6.58029e-70,-5.40406e-70)   (1.59701e-69,9.35002e-70)  (2.61614e-69,-4.47664e-69)  (-1.69608e-69,9.16762e-69)  (2.30691e-68,-4.42329e-69)   (4.09805e-68,2.81808e-68) (-5.95584e-68,-5.00093e-68)   (7.45237e-68,1.79639e-67)   (1.2657e-69,-2.69435e-67)  (3.98331e-67,-2.59554e-67)  (3.59354e-78,-1.23515e-77) (-1.32372e-77,-1.30588e-77) (-8.87369e-78,-4.66136e-78) (-1.12146e-77,-1.62229e-78)  (-9.36117e-78,2.45814e-78) (-9.56969e-78,-1.49864e-78)  (-9.72573e-78,2.43702e-78)   (-4.8586e-78,1.11296e-77)  (-2.69038e-79,1.28346e-77)  (-1.28185e-77,3.26399e-78)  (-2.62102e-78,1.80429e-77)   (5.19819e-78,2.12124e-77)  (-5.04938e-77,1.63683e-77)  (-1.24655e-77,7.00617e-77)  (-1.35661e-76,5.22759e-77)
 (-1.82947e-76,5.77523e-77)  (-5.32642e-77,3.04329e-76)  (-3.97189e-76,3.66264e-77)  (-1.33645e-76,7.52023e-76) (-9.53466e-76,-4.58333e-76) (-1.43817e-75,-5.63861e-76)   (-3.4492e-75,1.65553e-75)  (-3.25024e-76,-5.7844e-75)   (-1.2169e-74,3.09993e-75)  (7.38381e-75,-1.37538e-74)  (-3.93189e-74,1.12398e-75) (-5.83896e-74,-3.65014e-74)   (8.40467e-74,4.27887e-74) (-1.32476e-73,-1.94271e-73)   (1.25648e-73,2.85405e-73)   (-3.1951e-73,4.78702e-73)   (6.79429e-69,3.30723e-69) (-5.71747e-69,-1.57418e-69)  (2.31975e-69,-5.87837e-70)  (-1.68937e-69,3.96613e-70)   (-5.84523e-70,7.4324e-70) (-1.71727e-70,-2.99806e-70)   (-3.8908e-71,2.45666e-70) (-9.90586e-71,-1.52507e-71)   (2.53826e-71,4.92209e-71)   (-1.40025e-72,1.8157e-71)   (1.42416e-72,9.79593e-72)  (4.22681e-72,-3.84503e-72)   (2.27086e-72,6.41647e-74)  (7.56265e-73,-1.90527e-72)   (2.16774e-72,1.57541e-72)     (7.5773e-72,2.6557e-72)  (-1.38249e-71,7.69741e-72)  (-6.69195e-72,4.46985e-71)   (-7.067e-71,-1.11959e-70)  (-5.2283e-71,-2.82143e-70) (-5.44237e-70,-7.29915e-70)   (1.57113e-69,4.43405e-70)  (1.21969e-69,-4.32965e-69)   (5.67282e-70,7.93867e-69)  (1.78491e-68,-8.45562e-69)   (3.86817e-68,1.41725e-68) (-5.72313e-68,-2.76294e-68)    (9.34795e-68,1.2581e-67) (-5.04534e-68,-2.08506e-67)   (2.56487e-67,-2.7226e-67)   (-7.85279e-78,-1.652e-77) (-1.72347e-77,-1.82973e-77) (-1.27462e-77,-5.04548e-78)  (-1.48961e-77,-2.2673e-78) (-1.41932e-77,-7.55727e-78)  (-1.30193e-77,-1.6943e-78)  (-1.25788e-77,1.12282e-77)  (-6.65702e-78,1.52579e-77) (-1.64648e-77,-2.69649e-78)  (-1.74971e-77,4.05983e-78)   (-4.26692e-78,2.4336e-77) (-5.70983e-77,-6.44973e-78)   (-4.1673e-77,6.04876e-77)  (-2.16412e-77,9.21707e-77)  (-1.82947e-76,5.77523e-77)
  (-1.62943e-76,2.4072e-76) (-3.40751e-76,-1.16406e-76)  (-3.71512e-76,5.47136e-76)  (-5.6971e-76,-6.69331e-76) (-8.69902e-76,-8.74978e-76) (-8.25308e-76,-2.48962e-75)   (-4.4123e-75,1.60202e-75)  (3.42981e-76,-7.01398e-75)  (-1.48875e-74,2.08088e-75)  (1.05464e-74,-1.51359e-74)  (-4.56835e-74,-4.2276e-75) (-6.14102e-74,-5.00943e-74)   (8.83239e-74,6.05452e-74) (-1.17954e-73,-2.35478e-73)   (9.41231e-74,3.31414e-73)  (-4.18277e-73,4.67315e-73)   (6.37505e-69,2.28773e-69) (-5.31085e-69,-8.31018e-70)  (2.04931e-69,-7.86672e-70)  (-1.51167e-69,5.56974e-70)  (-4.57143e-70,7.62567e-70) (-1.99149e-70,-2.62155e-70)  (-5.88297e-72,2.40214e-70) (-9.81672e-71,-1.75164e-72)   (3.16511e-71,4.50395e-71)  (-1.68587e-71,1.86898e-71)    (2.6673e-73,9.39886e-72)   (1.48835e-72,4.83675e-72)   (1.9386e-72,-2.69701e-72)     (2.248e-72,3.35331e-73)  (3.26413e-72,-1.23534e-72)  (-3.33492e-72,5.20309e-72)   (5.50749e-72,1.74789e-71)  (-4.4706e-71,-2.95515e-71) (-6.28702e-71,-9.72038e-71)   (8.33095e-71,-2.9691e-70) (-6.34562e-70,-5.18968e-70)   (1.44614e-69,4.24473e-71)  (1.14278e-70,-3.92131e-69)   (2.12927e-69,6.49456e-69)  (1.29275e-68,-1.05971e-68)   (3.41653e-68,3.72609e-69) (-5.11875e-68,-1.08876e-68)      (9.78686e-68,8.15e-68)  (-7.82266e-68,-1.5351e-67)  (1.49092e-67,-2.56857e-67) (-1.50686e-77,-2.05425e-77)   (-2.90336e-78,-3.909e-77) (-7.89794e-78,-2.18065e-77) (-1.60792e-77,-1.91534e-77) (-1.90367e-77,-1.02031e-77)  (-2.07218e-77,8.95418e-78)  (-1.67662e-77,1.50658e-77)  (-1.7713e-77,-1.08822e-77) (-2.20361e-77,-3.96391e-78)  (-1.57283e-77,2.43378e-77)  (-6.59712e-78,3.24256e-77) (-7.54057e-77,-1.11599e-77)  (-5.86584e-77,7.74416e-77)  (-1.8731e-76,-2.15909e-77)   (-1.62943e-76,2.4072e-76)
 (-2.27046e-76,2.98204e-76) (-4.25514e-76,-1.75931e-76)  (-5.18033e-76,6.59182e-76) (-6.49336e-76,-8.92801e-76) (-9.88302e-76,-1.17358e-75) (-7.40116e-76,-3.14095e-75)  (-5.52874e-75,1.43342e-75)   (1.2541e-75,-8.35214e-75)  (-1.78554e-74,5.95389e-76)  (1.42675e-74,-1.62929e-74)   (3.75962e-74,3.48169e-75) (-6.29227e-74,-6.53435e-74)   (9.05468e-74,8.02567e-74) (-9.68797e-74,-2.77295e-73)   (5.46843e-74,3.75269e-73)   (1.09338e-73,-1.0011e-72)   (5.92492e-69,1.45053e-69) (-4.88861e-69,-2.25023e-70)   (1.79255e-69,-9.3417e-70)   (-1.33747e-69,6.8074e-70)  (1.72503e-70,-5.60832e-70) (-2.19843e-70,-2.24829e-70)   (2.39129e-71,2.31322e-70)  (-9.56977e-71,1.07508e-71)   (3.70741e-71,4.02994e-71)  (-1.43658e-71,2.09402e-71)   (1.56077e-72,9.42302e-72)   (2.18826e-72,4.76683e-72)  (1.61431e-72,-3.08074e-72)     (2.384e-72,-6.0073e-74)     (2.9657e-72,-1.983e-72)   (-2.0297e-72,5.69695e-72)   (8.97604e-72,1.52609e-71) (-4.77425e-71,-1.76499e-71)  (-7.80782e-71,-7.4797e-71)  (1.10285e-71,-2.83086e-70)  (-6.6729e-70,-3.21821e-70)  (1.26003e-69,-2.65848e-70) (-7.09815e-70,-3.36445e-69)   (3.10471e-69,5.01978e-69)  (-6.25695e-69,1.02944e-68)   (2.86376e-68,-3.6193e-69)  (-4.33965e-68,9.76757e-70)    (9.32216e-68,4.6769e-68)  (-8.95922e-68,-1.0695e-67)   (2.01194e-67,2.60363e-67)  (1.14959e-77,-4.04939e-77) (-2.82978e-78,-5.17159e-77) (-1.28689e-77,-2.77968e-77) (-2.09585e-77,-2.50436e-77)  (-3.25353e-77,2.94852e-78)  (-2.74642e-77,1.26439e-77)  (-2.19956e-77,2.00188e-77) (-2.35096e-77,-1.44143e-77)   (-2.92547e-77,1.9506e-77)   (-2.14278e-77,3.1923e-77) (-7.23725e-77,-4.42421e-77) (-9.85832e-77,-1.79806e-77)  (-8.07969e-77,9.79738e-77) (-2.41612e-76,-3.97855e-77)  (-2.27046e-76,2.98204e-76)
 (-3.09371e-76,3.64632e-76)  (-5.24364e-76,-2.5446e-76)  (-7.03851e-76,7.82832e-76)  (-7.2502e-76,-1.16673e-75) (-1.10046e-75,-1.53789e-75) (-5.75942e-76,-3.89488e-75)  (-6.80337e-75,1.12146e-75)  (2.44312e-75,-9.78321e-75) (-2.10404e-74,-1.42315e-75)  (1.85593e-74,-1.71444e-74)   (4.26328e-74,8.76533e-75)  (-6.2659e-74,-8.21311e-74)   (9.04098e-74,1.01717e-73)   (-6.908e-74,-3.18881e-73)   (7.61043e-75,4.15921e-73)  (2.57706e-73,-1.05996e-72)   (5.46457e-69,7.66989e-70)  (-4.46554e-69,2.64746e-70)   (1.5522e-69,-1.03951e-69)  (-1.16988e-69,7.73529e-70)   (1.00188e-70,-5.4589e-70)  (-2.3467e-70,-1.88514e-70)   (5.04521e-71,2.19736e-70)  (-9.19257e-71,2.21726e-71)   (4.16531e-71,3.51443e-71)  (-1.16874e-71,2.27997e-71)     (2.8075e-72,9.3539e-72)   (2.75307e-72,4.63241e-72)  (1.78874e-72,-3.21976e-72)   (2.4496e-72,-4.72216e-73)  (2.52319e-72,-2.63782e-72)  (-7.15973e-73,5.87615e-72)   (1.18273e-71,1.23729e-71) (-4.80282e-71,-6.33945e-72) (-8.68419e-71,-5.19446e-71)  (-4.87023e-71,-2.5644e-70) (-6.55537e-70,-1.47448e-70)  (1.04275e-69,-4.87321e-70) (-1.28159e-69,-2.74364e-69)   (3.61486e-69,3.63201e-69)  (-3.22862e-69,9.80077e-69)   (2.29013e-68,-8.4176e-69)  (-3.51534e-68,8.85861e-69)    (8.35061e-68,2.0722e-68) (-9.02989e-68,-6.93531e-68)   (2.03523e-67,1.70674e-67)  (7.26175e-78,-5.52848e-77) (-2.53201e-78,-6.64066e-77) (-4.66759e-77,-2.84173e-77) (-4.64749e-77,-1.85351e-77)  (-4.32871e-77,5.12159e-78)  (-3.60627e-77,1.75416e-77) (-2.29759e-77,-3.03147e-77) (-3.08892e-77,-1.88397e-77)  (-3.84824e-77,2.51864e-77)  (-2.87834e-77,4.14007e-77) (-9.30223e-77,-5.99959e-77)  (-1.18869e-76,6.32632e-77) (-2.10631e-76,-1.32967e-76) (-3.07708e-76,-6.52901e-77)  (-3.09371e-76,3.64632e-76)
 (-4.13448e-76,4.40439e-76)  (-6.38061e-76,-3.5599e-76)   (-9.3523e-76,9.16704e-76) (-7.92436e-76,-1.49769e-75) (-1.20009e-75,-1.97556e-75) (-3.14725e-76,-4.75608e-75)  (-8.23837e-75,6.36214e-76)  (3.94429e-75,-1.12869e-74) (-2.44029e-74,-4.03839e-75) (-3.27713e-74,-2.62621e-74)   (4.75497e-74,1.51523e-74) (-6.03683e-74,-1.00306e-73)   (8.76398e-74,1.24684e-73) (-3.44959e-74,-3.59399e-73)  (-4.66932e-74,4.52406e-73)  (4.18233e-73,-1.10159e-72)   (5.00827e-69,2.12437e-70)  (-4.05181e-69,6.56543e-70)  (1.32967e-69,-1.11045e-69)  (-1.01095e-69,8.40298e-70)  (3.62407e-71,-5.25048e-70)  (-1.30208e-70,3.94652e-70)   (7.37959e-71,2.06099e-70)  (-8.70959e-71,3.24719e-71)     (4.54136e-71,2.971e-71)  (-8.90576e-72,2.42407e-71)   (4.01696e-72,9.13613e-72)   (3.40927e-72,4.41818e-72)  (1.41896e-72,-3.60911e-72)  (1.99882e-72,-1.83795e-72)  (1.96646e-72,-3.17863e-72)   (2.34717e-73,5.77512e-72)   (1.37359e-71,9.29161e-72)  (-4.60052e-71,3.84168e-72)  (-9.0039e-71,-3.00165e-71)  (-9.54177e-71,-2.2152e-70) (-6.11468e-70,-4.62746e-73)   (8.16702e-70,-6.3224e-70)  (-1.6392e-69,-2.11885e-69)   (1.20718e-69,-5.2242e-69)  (-8.68302e-70,8.84554e-69)  (1.74545e-68,-1.12194e-68)  (-2.72542e-68,1.36338e-68)     (7.1444e-68,2.0536e-69) (-8.45474e-68,-4.01704e-68)   (1.90681e-67,1.01658e-67) (-4.95365e-77,-9.46473e-77) (-4.53208e-77,-8.47377e-77) (-6.38501e-77,-3.49433e-77) (-5.91744e-77,-2.17632e-77)  (1.49418e-78,-4.99998e-77) (-1.44376e-77,-4.93137e-77) (-2.96262e-77,-3.93353e-77)  (-5.53971e-77,1.37978e-77)  (-5.00112e-77,3.22441e-77) (-7.34768e-77,-1.02871e-76) (-1.18296e-76,-8.01239e-77)  (-1.55248e-76,7.67517e-77) (-2.62902e-76,-1.79841e-76)  (-4.13258e-76,2.13184e-76)  (-4.13448e-76,4.40439e-76)
(-4.28505e-76,-5.30281e-76)   (-1.08598e-75,4.4976e-76) (-1.54909e-76,-1.45625e-75) (-8.46134e-76,-1.89236e-75) (-1.27958e-75,-2.49404e-75)  (6.38361e-77,-5.72721e-75)  (-9.8332e-75,-5.44044e-77)  (5.79118e-75,-1.28394e-74)  (1.98981e-74,-5.92492e-75) (-3.46886e-74,-3.38064e-74)   (5.22178e-74,2.26813e-74) (-5.58203e-74,-1.19686e-73)   (8.20001e-74,1.48889e-73)  (6.81951e-75,-3.98031e-73)  (-1.07719e-73,4.83853e-73)  (5.88633e-73,-1.12473e-72)  (4.56559e-69,-2.34202e-70)   (-3.65424e-69,9.6613e-70)  (1.12545e-69,-1.15355e-69)   (-8.61922e-70,8.8537e-70) (-1.98159e-71,-4.99859e-70)  (-8.21749e-71,3.90832e-70) (-1.30326e-70,-8.12494e-71)  (-8.14341e-71,4.16386e-71)   (4.83728e-71,2.41041e-71)  (-6.03729e-72,2.53443e-71)   (5.13939e-72,8.83133e-72)   (4.03486e-72,4.13027e-72)   (2.65451e-72,1.85358e-72)   (6.9269e-73,-3.39662e-72)    (2.13781e-72,1.9223e-72)   (6.93039e-72,8.10955e-73)  (-1.77073e-71,9.35368e-72)   (-4.22108e-71,1.2626e-71)  (-8.86568e-71,-9.9162e-72) (-1.29553e-70,-1.82054e-70)  (-5.45717e-70,1.17702e-70)   (5.9766e-70,-7.12857e-70)   (1.86346e-69,6.71305e-70)  (6.08983e-71,-4.70132e-69)    (8.85793e-70,7.6449e-69)  (1.25763e-68,-1.25215e-68)   (-2.0142e-68,1.60827e-68)   (5.8814e-68,-1.06312e-68) (-7.52912e-68,-1.83425e-68)    (1.69777e-67,5.0379e-68) (-7.26092e-77,-1.23523e-76) (-5.74901e-77,-1.01364e-76) (-8.57008e-77,-4.30594e-77)  (3.07474e-77,-7.75729e-77) (-4.83313e-79,-6.42838e-77)  (-1.8602e-77,-6.27463e-77) (-7.34829e-77,-6.61539e-78)  (-7.14405e-77,1.79267e-77)   (-3.7844e-77,-1.4644e-76) (-9.23129e-77,-1.33093e-76)  (-1.88005e-76,1.61853e-77)  (-2.00348e-76,9.20913e-77) (-3.25176e-76,-2.38384e-76)  (-5.30884e-76,2.46458e-76) (-4.28505e-76,-5.30281e-76)
  (-5.0096e-76,-6.8129e-76)  (-1.36493e-75,4.84537e-76) (-8.66711e-77,-1.78963e-75) (-2.42825e-76,-2.32568e-75)  (1.70801e-75,-4.28849e-75) (-7.15285e-75,-2.76502e-75)  (7.50898e-75,-7.54669e-75)  (-1.7322e-74,-1.21087e-74)  (2.35827e-74,-4.80207e-75) (-3.60291e-74,-4.23136e-74)    (5.65071e-74,3.1378e-74)  (-4.88111e-74,-1.4007e-73)   (7.32902e-74,1.74042e-73)  (5.47099e-74,-4.33985e-73)  (-1.74882e-73,5.09488e-73)  (7.66569e-73,-1.12846e-72)  (4.14275e-69,-5.90825e-70)  (-3.27713e-69,1.20701e-69)  (9.39365e-70,-1.17427e-69)  (-7.23442e-70,9.12482e-70) (-6.85327e-71,-4.71592e-70)  (-3.82939e-71,3.82589e-70) (-1.34779e-70,-6.47606e-71)   (5.32002e-71,1.01965e-70)  (-4.31905e-71,2.45589e-71)   (2.72212e-71,1.14156e-71)    (-2.185e-72,1.42176e-71)   (3.47445e-72,4.34386e-72)     (2.946e-72,1.59842e-72)  (2.00709e-73,-3.60499e-72)   (2.55005e-72,1.49762e-72)  (6.84405e-72,-5.95738e-73)  (-1.50406e-71,1.22324e-71)  (-3.81325e-71,1.00577e-71) (-8.09889e-71,-5.65684e-71)  (-2.13983e-70,1.23522e-70)  (1.67936e-70,-3.77645e-70) (-9.57208e-70,-4.64031e-70)   (1.74982e-69,2.43285e-70)  (-7.9958e-70,-4.06367e-69)    (2.11759e-69,6.3537e-69)  (8.39501e-69,-1.27455e-68)  (-1.40215e-68,1.68599e-68)  (4.67086e-68,-1.86437e-68) (-6.45267e-68,-2.64002e-69)   (1.45515e-67,1.36483e-68)  (1.29376e-76,-4.54841e-77)  (1.31342e-76,-8.75627e-77)   (5.7741e-77,-8.19401e-77)   (3.8273e-77,-9.74066e-77) (-3.56372e-78,-8.21093e-77) (-8.42262e-77,-4.48272e-77)  (-9.42621e-77,-7.8436e-78)   (-9.0069e-77,2.01215e-77) (-4.77973e-77,-1.83633e-76)  (-2.0398e-76,-5.87558e-77)  (-2.38927e-76,1.61193e-77)  (-2.26354e-76,-3.5456e-76)  (-3.97972e-76,-3.1237e-76)  (-6.74165e-76,2.81352e-76)   (-5.0096e-76,-6.8129e-76)
(-5.79262e-76,-8.64089e-76)  (-1.69564e-75,5.09571e-76)  (1.49295e-77,-2.17505e-75)  (-1.22762e-76,-2.8153e-75)   (2.3739e-75,-4.98184e-75)  (-8.2261e-75,-3.86946e-75)  (9.46714e-75,-8.17421e-75) (-1.89668e-74,-1.56704e-74)  (2.75617e-74,-3.21104e-75)   (-3.6668e-74,-5.1778e-74)   (6.02836e-74,4.12515e-74) (-3.91606e-74,-1.61232e-73)   (6.13526e-74,1.99825e-73)   (1.08949e-73,-4.6653e-73)  (-2.47486e-73,5.28648e-73)  (9.49761e-73,-1.11217e-72)  (3.74349e-69,-8.72556e-70)   (-2.92296e-69,1.3907e-69)  (7.70823e-70,-1.17716e-69)  (-5.95736e-70,9.24844e-70)  (-1.10496e-70,-4.4128e-70)     (1.46732e-72,3.708e-70) (-1.37321e-70,-4.89185e-71)   (6.29372e-71,9.43015e-71)  (-4.01363e-71,2.90265e-71)   (2.85513e-71,8.43742e-72)  (-6.17725e-73,1.46732e-71)    (4.04596e-72,4.0595e-72)   (2.71611e-72,1.18934e-72) (-3.13313e-73,-3.73887e-72)   (2.87199e-72,1.01042e-72)  (6.49939e-72,-1.90045e-72)   (-1.22639e-71,1.4487e-71)  (-3.39373e-71,1.64583e-71) (-8.53953e-71,-3.74495e-71)  (-1.72626e-70,1.51961e-70)  (8.23204e-71,-3.70718e-70) (-9.34446e-70,-2.39611e-70)  (1.57872e-69,-9.93657e-71) (-1.40968e-69,-3.38191e-69)   (2.91741e-69,5.07741e-69)   (4.93989e-69,-1.2233e-68)    (-8.9428e-69,1.6491e-68)  (3.57395e-68,-2.31301e-68)   (-5.35429e-68,8.1452e-69)    (1.2087e-67,-1.1555e-68)  (1.58078e-76,-7.48022e-77)  (1.62549e-76,-1.07111e-76)  (6.66523e-77,-1.08412e-76)  (4.65423e-77,-1.20722e-76) (-9.97819e-77,-8.57298e-77) (-1.06186e-76,-5.40237e-77)  (-1.19742e-76,-9.2992e-78)  (2.34187e-77,-2.31475e-76) (-5.91341e-77,-2.31767e-76) (-2.55399e-76,-7.68791e-77)  (-3.00148e-76,1.44914e-77)   (-2.71635e-76,-4.498e-76)  (-7.31639e-76,2.32822e-77)  (-8.46705e-76,3.16771e-76) (-5.79262e-76,-8.64089e-76)
(-1.63976e-75,-1.09386e-76)  (-2.08552e-75,5.20357e-76)  (1.55885e-76,-2.61713e-75)  (4.81859e-77,-3.37226e-75)  (3.18531e-75,-5.72904e-75) (-9.35947e-75,-5.20524e-75)    (1.172e-74,-8.72023e-75)   (-2.04953e-74,-1.978e-74)  (3.18136e-74,-1.09817e-75) (-3.64821e-74,-6.21821e-74)   (6.34148e-74,5.23005e-74)  (-2.6716e-74,-1.82932e-73)   (4.60681e-74,2.25919e-73)  (1.69216e-73,-4.94969e-73)   (-3.24828e-73,5.4077e-73)  (1.13593e-72,-1.07558e-72)  (3.36978e-69,-1.09213e-69)  (-2.59294e-69,1.52694e-69)    (6.18955e-70,-1.166e-69)  (-4.78722e-70,9.25192e-70)   (-1.463e-70,-4.09755e-70)    (3.72187e-71,3.5622e-70)    (-1.382e-70,-3.3838e-71)   (7.14129e-71,8.60885e-71)   (-3.67527e-71,3.3008e-71)   (2.95334e-71,5.41716e-72)    (1.0093e-72,1.48121e-71)    (4.5809e-72,3.71925e-72)   (2.91685e-72,9.66919e-73)  (8.41285e-73,-2.03452e-72)   (2.31324e-72,-3.2854e-72)  (6.81174e-72,-3.18737e-72)  (-9.14221e-72,1.59814e-71)  (-2.89912e-71,2.15395e-71) (-8.59858e-71,-1.96271e-71)   (-1.3104e-70,1.69902e-70)  (8.71962e-72,-3.49757e-70) (-8.76221e-70,-4.99476e-71)  (1.37469e-69,-3.62089e-70) (-1.80887e-69,-2.70575e-69)   (3.37244e-69,3.88339e-69)  (2.17943e-69,-1.12512e-68)  (-4.86298e-69,1.53834e-68)  (2.61936e-68,-2.50444e-68)   (-4.31226e-68,1.5103e-68)  (9.76058e-68,-2.78868e-68)   (1.9398e-76,-1.13352e-76)  (1.96972e-76,-1.29495e-76)  (-5.9763e-77,-2.01557e-76) (-7.38107e-77,-1.60867e-76) (-1.28163e-76,-1.06097e-76) (-1.32983e-76,-6.42547e-77)  (1.13527e-76,-2.60197e-76)   (2.94416e-77,-2.8873e-76) (-2.52197e-76,-1.80753e-76) (-3.17093e-76,-9.92305e-77) (-1.08259e-76,-5.53587e-76)  (-3.23243e-76,-5.6492e-76)  (-9.03116e-76,1.78097e-78) (-2.29685e-76,-9.74117e-76) (-1.63976e-75,-1.09386e-76)
(-1.98013e-75,-2.10924e-76)  (9.33129e-76,-2.15298e-75)  (3.44138e-76,-3.11968e-75)  (2.79587e-76,-3.99922e-75)  (4.16014e-75,-6.52314e-75) (-1.05415e-74,-6.79633e-75)   (1.4285e-74,-9.15701e-75) (-2.18547e-74,-2.44652e-74)   (3.63045e-74,1.59003e-75) (-3.53453e-74,-7.34936e-74)   (6.57681e-74,6.45066e-74) (-1.13548e-74,-2.04914e-73)   (2.73472e-74,2.52003e-73)  (2.35137e-73,-5.18672e-73)  (-4.06146e-73,5.45405e-73)   (1.3229e-72,-1.01867e-72)  (3.02239e-69,-1.26026e-69)    (-2.28733e-69,1.624e-69)   (4.82731e-70,-1.1439e-69)    (-3.721e-70,9.15851e-70)  (-1.76527e-70,-3.7768e-70)   (6.91241e-71,3.39497e-70) (-1.37637e-70,-1.96102e-71)    (7.8672e-71,7.74964e-71)  (-3.31306e-71,3.64838e-71)   (3.01855e-71,2.39267e-72)   (2.57038e-72,1.49153e-71)   (4.84362e-72,3.43307e-72)    (3.0999e-72,7.29404e-73)   (3.37412e-72,6.84293e-73)  (1.77287e-72,-3.74398e-72)  (-5.09321e-73,8.02002e-72)  (-6.00335e-72,1.68285e-71)  (-2.37229e-71,2.54316e-71)   (-8.347e-71,-3.37934e-72)  (-9.10342e-71,1.78778e-70) (-5.23358e-71,-3.18929e-70)  (-7.94048e-70,1.04701e-70)  (1.15652e-69,-5.53252e-70)  (-2.0364e-69,-2.06822e-69)    (3.56153e-69,2.8106e-69)   (4.80162e-71,-1.0002e-68)  (-1.68752e-69,1.38427e-68)  (1.81481e-68,-2.51527e-68)  (-3.36975e-68,1.91652e-68)  (7.66637e-68,-3.75724e-68)  (8.86976e-77,-3.82751e-76)  (6.48271e-77,-2.92489e-76) (-8.20094e-77,-2.52061e-76) (-9.59433e-77,-1.91682e-76)  (-1.6258e-76,-1.30499e-76)  (2.54398e-76,-2.75319e-76)  (1.37665e-76,-3.24433e-76)   (3.63754e-77,-3.5708e-76) (-3.11751e-76,-2.25703e-76) (-3.90582e-76,-1.26514e-76)  (-1.2235e-76,-6.84629e-76) (-8.76035e-76,-3.14158e-76) (-1.10516e-75,-2.92157e-77) (-2.41689e-76,-1.19552e-75) (-1.98013e-75,-2.10924e-76)
 (-2.3714e-75,-3.43579e-76)  (1.22689e-75,-2.52598e-75)  (1.38669e-75,-3.18113e-75)   (5.8094e-76,-4.70143e-75)   (5.3156e-75,-7.35895e-75) (-1.17571e-74,-8.66886e-75)  (1.71758e-74,-9.45341e-75)  (-2.29918e-74,-2.9749e-74)   (4.10024e-74,4.90315e-75)  (-3.31464e-74,-8.5675e-74)   (6.72182e-74,7.78478e-74)  (7.01916e-75,-2.26916e-73)   (5.14557e-75,2.77749e-73)  (3.06259e-73,-5.37068e-73)  (-4.90689e-73,5.42181e-73)  (1.50858e-72,-9.41697e-73)  (2.70119e-69,-1.38589e-69)  (-2.00575e-69,1.68881e-69)  (3.61036e-70,-1.11341e-69)   (-2.7543e-70,8.98783e-70) (-2.01736e-70,-3.45579e-70)   (9.73827e-71,3.21172e-70) (-1.35843e-70,-6.28265e-72)   (8.47881e-71,6.86706e-71)   (-2.9327e-71,3.94786e-71)  (3.04967e-71,-6.77846e-73)   (4.11078e-72,1.48645e-71)   (5.30472e-72,3.03961e-72)   (3.82572e-72,1.48768e-72)   (3.54175e-72,2.87559e-73)  (1.17387e-72,-4.10511e-72)   (9.10915e-73,7.84297e-72)  (-5.87961e-72,1.48154e-71)  (-1.81696e-71,2.80214e-71)   (-7.85038e-71,1.0884e-71)  (-5.39086e-71,1.80006e-70) (-1.01073e-70,-2.81725e-70)  (-6.97339e-70,2.25995e-70)  (9.37982e-70,-6.82585e-70) (-2.12866e-69,-1.48947e-69)   (3.55279e-69,1.87767e-69) (-1.53592e-69,-8.63286e-69)   (7.01628e-70,1.20908e-68)  (1.15514e-68,-2.40515e-68)  (-2.54642e-68,2.10986e-68)  (5.84477e-68,-4.24133e-68)  (1.00749e-76,-4.82276e-76)  (6.06671e-77,-3.45684e-76) (-1.08762e-76,-3.12299e-76) (-1.24351e-76,-2.26494e-76)  (4.00383e-76,-2.48937e-76)  (3.08488e-76,-3.40195e-76)  (1.65648e-76,-4.01488e-76) (-2.56643e-76,-3.70715e-76) (-3.82421e-76,-2.79493e-76)  (1.24819e-76,-7.58144e-76) (-1.36838e-76,-8.39893e-76) (-1.06019e-75,-4.05992e-76)  (1.71626e-76,-1.19737e-75) (-2.45167e-76,-1.45459e-75)  (-2.3714e-75,-3.43579e-76)
(-2.81808e-75,-5.12823e-76)  (1.58188e-75,-2.94088e-75)  (1.81154e-75,-3.68109e-75)  (6.23136e-75,-4.37331e-75)  (6.66816e-75,-8.22719e-75) (-1.29928e-74,-1.08422e-74)  (2.04044e-74,-9.57711e-75) (-2.38453e-74,-3.56494e-74)   (4.58659e-74,8.88591e-75) (-2.97675e-74,-9.86721e-74)   (6.76341e-74,9.22672e-74)    (2.847e-74,-2.48657e-73)  (-2.05685e-74,3.02851e-73)  (3.82106e-73,-5.49652e-73)  (-5.77673e-73,5.30847e-73)  (1.69104e-72,-8.45084e-73)  (2.40549e-69,-1.47655e-69)  (-1.74739e-69,1.72723e-69)  (2.52734e-70,-1.07664e-69)  (-1.88176e-70,8.75642e-70) (-2.22456e-70,-3.13863e-70)   (1.22216e-70,3.01712e-70)  (-1.32999e-70,6.11544e-72)   (8.98147e-71,5.97296e-71)  (-2.53995e-71,4.20094e-71)  (3.05387e-71,-3.61768e-72)   (5.55361e-72,1.47876e-71)   (2.87323e-72,8.46197e-72)   (4.07868e-72,1.13231e-72)  (3.65961e-72,-1.21016e-73)  (5.35026e-73,-4.36621e-72)   (2.22153e-72,7.43972e-72)  (-3.18588e-72,1.51435e-71)  (-3.38901e-71,1.70743e-71)  (-7.17629e-71,2.31077e-71)  (-2.04546e-71,1.75208e-70) (-1.38244e-70,-2.41017e-70)   (-5.9358e-70,3.16747e-70)  (7.28764e-70,-7.60109e-70) (-2.11796e-69,-9.80119e-70)   (3.40307e-69,1.08914e-69) (-2.65811e-69,-7.24745e-69)   (2.42824e-69,1.02835e-68)  (6.27992e-69,-2.21934e-68)  (-1.84673e-68,2.15165e-68)  (4.30224e-68,-4.38283e-68)  (1.15536e-76,-5.97924e-76)  (4.90101e-77,-4.06848e-76)   (7.10385e-76,7.21063e-78)  (6.53443e-76,-1.55203e-76)  (4.82048e-76,-3.16117e-76)  (3.70623e-76,-4.17216e-76) (-1.76202e-76,-5.26157e-76) (-3.14258e-76,-4.50734e-76) (-4.65689e-76,-3.43388e-76)   (1.6041e-76,-9.20641e-76) (-9.24923e-76,-7.70838e-76)   (-1.27537e-75,-5.193e-76)  (2.44051e-76,-1.43854e-75) (-2.40127e-76,-1.75557e-75) (-2.81808e-75,-5.12823e-76)
(-3.32468e-75,-7.24603e-76)  (2.00673e-75,-3.39658e-75)  (2.31914e-75,-4.22805e-75)  (7.52048e-75,-4.74682e-75) (-7.24323e-75,-1.17421e-74) (-1.42299e-74,-1.33412e-74)  (2.39856e-74,-9.49591e-75) (-2.43572e-74,-4.21805e-74)   (5.08566e-74,1.35866e-74) (-2.51002e-74,-1.12429e-73)   (6.68995e-74,1.07718e-73)   (5.3045e-74,-2.69897e-73)  (-4.97399e-74,3.26965e-73)   (4.62114e-73,-5.5598e-73)    (-6.664e-73,5.11196e-73)   (1.8684e-72,-7.29568e-73)  (2.13421e-69,-1.53849e-69)  (-1.51116e-69,1.74414e-69)  (1.56695e-70,-1.03529e-69)   (-1.09755e-70,8.4781e-70)  (-2.3918e-70,-2.82844e-70)   (1.43858e-70,2.81502e-70)  (-1.29285e-70,1.75796e-71)   (9.38343e-71,5.07792e-71)  (-2.14383e-71,4.40754e-71)  (3.03149e-71,-6.47673e-72)   (1.7611e-71,-3.28838e-72)   (3.74789e-72,8.40633e-72)   (4.29396e-72,7.56675e-73)  (2.49902e-72,-1.56294e-72) (-1.26354e-73,-4.52783e-72)    (2.5782e-72,6.81875e-72)  (-6.25534e-73,1.50211e-71)  (-2.95074e-71,2.15762e-71)   (1.51135e-71,8.37955e-71)   (8.84016e-72,1.65676e-70)  (-1.6496e-70,-1.99141e-70)  (-4.88491e-70,3.80448e-70)  (5.35219e-70,-7.95477e-70)  (-2.0319e-69,-5.43915e-70)   (3.15839e-69,4.40326e-70)  (-3.4012e-69,-5.91554e-69)   (3.61119e-69,8.52523e-69)  (2.17563e-69,-1.99124e-68)  (-1.26592e-68,2.08967e-68)   (3.0252e-68,-4.29095e-68)   (1.04971e-75,5.87377e-76)   (1.05337e-75,3.61603e-76)  (8.61692e-76,-2.42281e-77)  (7.80881e-76,-1.99338e-76)  (5.76879e-76,-3.97629e-76)   (5.6905e-78,-6.83461e-76) (-2.18932e-76,-6.38487e-76) (-3.82514e-76,-5.44109e-76)  (4.85854e-76,-9.35594e-76)  (2.03253e-76,-1.11024e-75) (-1.09726e-75,-9.43023e-76) (-1.52173e-75,-6.54605e-76)  (3.34588e-76,-1.71617e-75) (-2.39016e-75,-1.33867e-75) (-3.32468e-75,-7.24603e-76)
 (2.75125e-75,-2.38767e-75)  (2.50828e-75,-3.89896e-75)  (2.91903e-75,-4.82237e-75)  (8.99179e-75,-5.10489e-75) (-7.65728e-75,-1.39717e-74)  (2.04467e-74,-1.30396e-75)  (2.79182e-74,-9.17203e-75) (-2.44583e-74,-4.93483e-74)    (5.5926e-74,1.90435e-74) (-1.90404e-74,-1.26863e-73)   (6.49072e-74,1.24127e-73)  (8.07557e-74,-2.90357e-73)   (-8.2335e-74,3.49799e-73)  (5.45826e-73,-5.55685e-73)   (-7.5599e-73,4.83212e-73)   (2.0391e-72,-5.95701e-73)  (1.88603e-69,-1.57694e-69)   (-1.2958e-69,1.74364e-69)  (7.18318e-71,-9.90757e-70)   (-3.95565e-71,8.1644e-70) (-2.52361e-70,-2.52759e-70)   (1.62543e-70,2.60869e-70)  (-1.24846e-70,2.81157e-71)   (9.68978e-71,4.19064e-71)  (-1.74124e-71,4.57475e-71)  (-1.14215e-71,2.66047e-71)  (1.75451e-71,-4.93454e-72)   (5.14377e-72,7.91388e-72)   (4.47148e-72,3.65585e-73)   (2.37101e-72,-1.7915e-72)   (4.46248e-72,2.67454e-72)   (3.54362e-72,6.14671e-72)   (1.74465e-72,1.45112e-71)  (-2.44592e-71,2.47392e-71)   (2.71324e-71,7.64445e-71)  (-1.0345e-70,-7.33296e-71) (-1.82395e-70,-1.57737e-70)  (-3.86336e-70,4.20806e-70)  (3.61151e-70,-7.97524e-70) (-1.89346e-69,-1.79893e-70)  (2.85508e-69,-7.91084e-71) (-3.84072e-69,-4.68101e-69)   (4.35857e-69,6.88217e-69) (-9.29972e-70,-1.74485e-68)  (-7.94004e-69,1.96038e-68)  (1.98919e-68,-4.04796e-68)   (1.30255e-75,6.46983e-76)   (1.25215e-75,4.01947e-76)  (1.03895e-75,-6.62956e-77)  (9.25362e-76,-2.54131e-76)  (2.12336e-76,-8.66396e-76) (-5.72589e-78,-8.19588e-76) (-2.69653e-76,-7.69604e-76)   (8.8157e-76,-8.61502e-76)  (5.87028e-76,-1.12455e-75) (-8.25119e-76,-1.35244e-75) (-1.30045e-75,-1.14699e-75)  (8.72238e-76,-1.55188e-75)  (4.46121e-76,-2.03383e-75) (-2.78897e-75,-1.66801e-75)  (2.75125e-75,-2.38767e-75)