# output for bornfwd 0° model after bugfix where scattering direction was passed frequency in rad/s instead of Hertz.
# And with seismic data sign fixed (multiplied by -1)
# 16 source beam centres in a square
# source_beam_centres = seismo::grid_coordinates(x0=4500, x1=8500, y0=4500, y1=8500, depth=0, nx=4, ny=4);
# one target at (6500, 6500, 2400)
# targets = seismo::grid_coordinates(6500, 6500, 6500, 6500, 2400, 1, 1);
# fracture orientation phi_hat_x = 0, phi_hat_y = 1, 61 orientations, 41 spacings between 100 and 300 m
# FractureParameters fractures(2400, 0, 1, 61, 100, 300, 41);
# auto data = SeismoData("/home/darius/masterarbeit/output_0degrees");
# beam width of 244 m, beam frequency of 40 Hz, time window width for seismic data 0.06s
# auto result = db.algorithm(source_beam_centres, targets, data, fractures, 244, 2 * M_PI * 40, 0.06);
# runtimes:
#1Targets
#16Sources.
#Beams: 5.74023 s
#FFT: 2254.24 s
#Beam eval: 32478 s
#cut : 5713.65s
#amplitude: 2113.68 s
#exp: 26289.6 s
#unit vec: 1667.71 s
#restt: 957.666
#Runtime db : 41692
  (-1.36211e-62,-5.50071e-62)     (-7.63594e-62,1.0921e-61)    (-6.65534e-62,1.49382e-61)    (1.76431e-62,-4.49555e-62)    (-4.04926e-63,5.38155e-64)    (6.87012e-65,-9.65479e-66)     (2.01992e-66,-2.0016e-67)      (1.2315e-58,7.90617e-58)   (-1.21913e-57,-3.06846e-58)     (2.85685e-58,5.59939e-58)     (2.62124e-59,1.31577e-58)    (-6.94001e-61,1.96963e-59)    (-2.75084e-60,-1.0802e-59)    (-3.83049e-60,4.08191e-60)     (5.89591e-61,-7.7108e-61)      (3.36027e-62,1.0822e-61)    (2.84178e-43,-1.29904e-44)    (-1.01254e-43,3.49906e-43)   (-1.51397e-44,-3.77455e-43)     (1.0722e-44,-3.44092e-44)     (1.91935e-44,1.35275e-44)      (1.15452e-44,2.0742e-44)    (-6.63378e-46,1.99443e-46)    (-3.13114e-47,3.67773e-47)    (3.18195e-49,-2.24181e-49)    (1.21888e-51,-2.64372e-51)     (1.17461e-54,6.87104e-56)    (2.22064e-58,-7.51007e-59)    (-3.69596e-63,3.59921e-63)    (1.40045e-67,-6.94241e-68)    (1.93269e-65,-1.52418e-65)     (3.07553e-65,8.70142e-64)   (-1.84719e-61,-9.07054e-62)    (-3.75045e-60,4.16026e-60)    (-5.54091e-58,-1.6932e-58)    (-1.07575e-56,1.93855e-56)   (-2.09827e-54,-8.42435e-55)    (-1.64772e-53,-2.1685e-53)    (6.17804e-52,-2.64035e-52)    (8.05689e-51,-4.41989e-51)     (-4.5798e-50,-2.5025e-50)    (-7.26431e-49,3.50066e-49)     (5.11931e-48,1.19319e-51)   (-3.43337e-47,-1.29177e-47)    (-6.1344e-46,-3.83502e-46)    (-2.00749e-45,1.08949e-45)    (4.68347e-58,-1.56789e-57)     (7.35877e-59,3.30384e-58)     (1.43527e-59,-7.1198e-61)       (5.295e-59,2.01194e-59)   (-2.79227e-60,-6.55508e-60)    (4.51124e-60,-2.40803e-60)     (6.1641e-59,-5.94091e-59)   (-3.60077e-59,-1.10784e-58)     (8.34844e-61,1.59811e-60)   (-8.27212e-62,-2.36041e-61)   (-4.18753e-62,-9.56673e-62)    (3.14579e-62,-1.78384e-62)   (-1.89672e-62,-7.23443e-63)     (7.15876e-63,1.21235e-62)   (-1.36211e-62,-5.50071e-62)
   (-4.80973e-65,1.26561e-64)   (-1.84865e-64,-3.90629e-65)     (6.7063e-65,-9.75135e-65)    (-6.00617e-65,-3.6692e-65)     (-5.4121e-66,2.38652e-66)    (7.48212e-68,-2.99336e-67)   (-4.41624e-69,-1.88843e-69)    (5.44763e-59,-2.08137e-58)     (7.22636e-59,4.82638e-59)    (-6.36992e-59,1.64432e-59)    (3.53706e-60,-1.51644e-60)     (1.20927e-60,1.28508e-60)     (5.71396e-61,2.10521e-60)   (-1.73706e-61,-2.19581e-61)    (9.55013e-63,-6.28836e-62)     (-1.1206e-63,8.70776e-64)     (1.16458e-43,2.33977e-44)    (-1.01095e-43,6.91031e-44)    (9.65758e-45,-1.03756e-43)     (5.34626e-44,2.30051e-45)    (1.78792e-45,-1.38485e-45)   (-1.06687e-45,-3.73712e-46)    (-1.2281e-46,-1.86893e-46)   (-4.36613e-48,-1.13972e-48)    (6.08746e-51,-7.70162e-50)    (6.30684e-52,-8.15381e-53)     (3.78373e-55,4.60247e-55)    (-1.52425e-59,3.77507e-59)   (-1.07898e-63,-5.48638e-66)     (7.89489e-69,9.88743e-70)    (-1.09025e-66,3.67046e-67)      (1.1799e-65,3.05187e-65)      (8.681e-64,-5.01716e-63)    (9.23852e-61,-2.09279e-62)    (-2.35036e-60,5.32494e-59)    (-2.65594e-57,5.31705e-57)      (1.6205e-55,-1.9404e-55)      (8.0993e-54,4.49214e-54)     (1.08012e-52,1.05228e-52)    (-2.11954e-51,2.08781e-51)    (3.81892e-50,-4.38538e-51)   (-2.27594e-50,-3.66777e-49)    (8.09699e-49,-2.00605e-48)    (-7.95916e-48,1.33427e-47)   (-3.12069e-47,-2.30781e-47)    (-3.62888e-47,7.04552e-46)   (-6.54468e-60,-2.80422e-60)     (8.01973e-61,2.49033e-60)    (-2.71228e-60,2.08205e-60)    (2.56617e-61,-1.61699e-60)   (-2.26184e-61,-2.96387e-62)   (-1.21367e-60,-9.42329e-61)    (-6.22085e-60,-1.5511e-60)    (-1.43279e-59,2.53148e-59)    (4.47413e-63,-4.87019e-63)      (2.53211e-63,1.2565e-64)    (-1.6402e-64,-4.36888e-64)     (5.65249e-65,5.73223e-65)     (1.42235e-65,2.66909e-65)    (-1.0003e-64,-1.34955e-64)    (-4.80973e-65,1.26561e-64)
  (-3.14543e-67,-1.51583e-67)     (1.99928e-67,2.22202e-67)      (5.3967e-68,8.08414e-68)     (2.16233e-68,7.42265e-69)   (-7.56593e-69,-8.20539e-70)    (-9.05833e-71,3.60764e-70)     (1.34709e-71,8.54869e-72)    (-3.23188e-60,-9.3725e-60)    (5.59191e-62,-3.17631e-60)    (1.26958e-60,-2.30936e-60)     (8.68481e-61,8.11931e-61)    (1.28299e-61,-4.95008e-61)    (1.11023e-61,-1.88045e-61)    (1.60315e-62,-6.40992e-63)    (-2.75941e-64,3.72892e-64)     (7.80002e-67,7.88224e-67)    (-1.45611e-45,7.63659e-45)    (-3.70403e-44,1.30611e-44)   (-4.12417e-45,-2.56045e-44)    (9.11749e-45,-8.14588e-45)    (-5.0449e-46,-3.04702e-47)    (-7.61905e-48,2.42216e-46)     (1.43814e-47,-1.6445e-47)    (3.09867e-49,-5.58216e-49)   (-2.03444e-51,-7.51663e-51)     (1.79316e-53,7.76044e-53)     (6.13607e-56,3.65266e-56)    (-2.27453e-60,6.81973e-60)    (-7.79811e-65,5.31708e-64)    (8.27176e-69,-4.58709e-69)    (2.72341e-68,-6.49736e-68)     (8.98363e-66,2.86152e-66)    (1.77299e-64,-1.24457e-64)     (4.26154e-63,1.50974e-62)     (2.04685e-60,3.61999e-60)    (4.29331e-58,-6.09217e-58)    (5.18556e-56,-4.53293e-56)    (-1.99565e-54,1.49011e-54)   (-4.81049e-53,-4.28748e-53)    (-7.22592e-53,1.18806e-51)   (-4.10563e-51,-1.16262e-50)   (-1.85003e-50,-1.63873e-49)     (1.17521e-48,4.62665e-49)     (3.51261e-48,3.95593e-48)    (1.68698e-47,-6.98503e-47)    (-7.34217e-46,2.13322e-46)    (2.76896e-63,-2.28338e-61)   (-1.49588e-62,-1.67231e-61)     (7.88433e-62,2.85295e-62)    (-6.97362e-64,1.69156e-62)   (-6.48822e-63,-1.95436e-63)     (6.55261e-62,3.11984e-62)     (1.22891e-61,3.18435e-61)    (-2.83996e-60,2.78144e-60)     (8.90674e-66,8.35805e-65)    (1.05152e-65,-8.84857e-66)    (9.17434e-67,-1.47796e-66)     (-4.86646e-68,9.0893e-68)    (-1.14504e-68,1.19025e-69)     (2.80291e-69,1.09121e-68)   (-3.14543e-67,-1.51583e-67)
   (-4.5497e-71,-8.19994e-71)       (8.49365e-71,1.595e-70)   (-1.07954e-70,-5.61753e-71)   (-1.15146e-72,-4.82838e-72)     (3.01052e-72,3.08444e-72)   (-7.82033e-73,-1.04605e-73)    (-4.87894e-74,2.92843e-75)   (-9.93819e-61,-1.04898e-60)    (-2.58447e-61,2.63435e-62)     (3.18326e-61,-1.5509e-61)   (-1.32608e-61,-7.64335e-63)     (9.50482e-63,4.29797e-62)   (-6.96131e-63,-6.39931e-64)    (-2.33246e-64,5.18637e-65)   (-7.27872e-67,-2.18224e-68)   (-2.29406e-68,-3.57987e-68)     (1.07734e-44,6.84054e-45)    (-2.42566e-45,2.57407e-45)    (-1.23159e-45,7.19605e-46)    (-2.51149e-46,1.97645e-46)      (2.1547e-47,2.22071e-46)    (4.13441e-47,-2.12917e-47)    (-3.19565e-48,2.65397e-49)    (6.10296e-50,-1.12271e-49)    (8.89517e-52,-8.78988e-52)   (-2.70268e-54,-1.92125e-54)    (-2.31051e-57,1.16996e-57)    (1.43458e-60,-1.46721e-60)   (-4.55976e-66,-2.76167e-64)     (8.80676e-69,3.83432e-69)    (1.89199e-69,-6.43702e-70)    (-6.28244e-67,5.29725e-67)   (-7.46985e-65,-2.24742e-65)      (-1.32027e-63,7.377e-63)   (-3.37905e-61,-8.48849e-62)     (5.81371e-59,1.14982e-58)   (-1.21263e-56,-8.20422e-58)    (-2.49103e-55,3.40969e-55)    (-9.14795e-54,1.21069e-53)       (4.0405e-52,1.0783e-52)   (-2.73881e-51,-5.33859e-51)     (4.11568e-50,1.99717e-50)   (-2.12554e-49,-5.55521e-49)    (-1.43089e-48,3.86347e-48)     (4.63112e-48,8.71636e-48)      (1.81613e-46,9.2036e-48)      (6.2471e-63,3.77626e-63)    (-8.91316e-64,1.88123e-63)     (8.81539e-64,4.30342e-64)     (5.65534e-64,8.72064e-66)    (3.59489e-64,-1.46938e-63)    (-7.92191e-63,6.85073e-63)      (5.631e-62,-2.61792e-62)    (-2.96716e-61,6.90515e-61)     (9.27021e-68,6.53351e-67)   (-8.34899e-68,-4.11246e-68)   (-3.45696e-69,-2.12642e-69)   (-1.01928e-70,-8.15787e-72)    (-1.03162e-71,-4.6224e-71)     (4.01856e-71,1.05245e-70)    (-4.5497e-71,-8.19994e-71)
    (2.92628e-73,2.37369e-73)    (-1.06934e-73,1.14873e-73)    (1.76468e-74,-1.01927e-73)   (-1.82129e-74,-4.56412e-74)   (-6.40679e-75,-3.81127e-75)     (1.71115e-77,5.49084e-76)   (-7.46045e-77,-1.94964e-77)     (4.92359e-62,-1.0153e-62)   (-3.92383e-62,-1.74135e-62)    (-3.0828e-62,-1.20112e-62)    (-1.60884e-62,8.40434e-64)   (-1.69958e-63,-1.27425e-63)     (4.05425e-65,2.08961e-65)    (-2.86863e-67,2.47377e-67)    (-5.19894e-69,7.11723e-69)   (-7.07805e-69,-1.76461e-69)     (4.80375e-45,1.47482e-45)     (4.09946e-46,6.84269e-46)    (-1.51114e-45,3.40031e-46)     (-5.0021e-46,1.33233e-46)    (-4.63574e-47,7.44609e-47)   (-4.32282e-48,-5.29311e-48)      (2.77252e-49,3.7454e-49)    (-1.28773e-50,7.11111e-51)    (-8.38597e-53,3.84448e-53)     (-2.1257e-55,5.77391e-56)   (-1.91947e-58,-2.84457e-58)     (-3.54279e-61,1.8613e-61)    (-2.32128e-66,1.20012e-64)   (-1.02182e-69,-2.29223e-69)    (5.85677e-72,-1.42981e-71)    (-2.68766e-68,-2.0365e-68)     (9.84308e-67,7.03161e-66)   (-7.33962e-64,-2.93111e-64)   (-1.75688e-62,-2.90029e-62)   (-1.76184e-59,-3.40522e-60)     (-5.43873e-58,2.4352e-57)     (1.35035e-55,4.70561e-56)    (1.35492e-54,-3.86405e-55)    (1.01298e-52,-7.72905e-53)     (6.23054e-52,-1.8842e-51)    (-2.01226e-51,5.57342e-51)     (2.56443e-49,1.68551e-49)    (2.09717e-48,-4.57603e-50)    (-1.17153e-47,-4.2004e-48)    (-2.51675e-47,3.03403e-47)   (-2.54426e-64,-2.47652e-64)    (-6.04554e-65,4.70239e-65)   (-6.63527e-66,-1.10384e-65)   (-1.23967e-66,-2.41978e-65)     (3.24811e-64,-1.8314e-64)     (7.38275e-64,2.15079e-63)    (-7.71963e-63,1.00605e-62)    (7.48334e-63,-5.89497e-62)    (-4.33472e-69,2.24778e-69)    (-1.87339e-70,3.94651e-70)     (1.34463e-71,8.71248e-72)     (1.09595e-73,-1.9845e-73)     (-1.70386e-73,4.6397e-74)    (3.77819e-73,-3.19848e-73)     (2.92628e-73,2.37369e-73)
    (3.45397e-76,1.53186e-75)    (4.43828e-77,-4.52331e-76)    (6.39388e-77,-7.99862e-77)      (2.43555e-77,2.7716e-77)      (6.81825e-78,5.4057e-78)    (7.22044e-79,-2.24066e-79)    (-1.33379e-79,3.45848e-82)    (-9.79418e-63,7.25527e-63)    (-6.46215e-63,1.23846e-62)   (-1.35281e-63,-2.96573e-63)    (-6.00466e-64,3.58297e-64)     (1.20927e-65,4.94391e-65)     (5.99625e-68,1.97518e-67)       (6.0342e-69,3.6958e-69)    (3.40652e-71,-2.66896e-71)    (-1.05627e-69,5.99447e-70)      (1.4635e-45,4.70563e-47)     (1.97089e-46,2.33958e-47)    (-7.15102e-47,3.51684e-46)     (1.56947e-47,9.39617e-47)   (-5.72594e-48,-7.90068e-48)     (2.03361e-50,1.40869e-48)     (-2.80638e-50,2.5216e-50)   (-7.03607e-53,-6.42112e-52)    (2.90995e-55,-1.07469e-54)    (-1.28219e-56,1.84666e-56)     (-4.40236e-59,6.7402e-59)    (-5.52747e-62,6.44629e-62)     (1.01866e-65,1.06713e-65)     (2.36726e-69,-1.2219e-69)   (-4.85301e-73,-6.07009e-74)    (-2.97244e-70,1.74354e-70)       (2.413e-67,4.77147e-67)    (1.69909e-65,-8.30456e-65)    (-9.02004e-63,1.43125e-63)     (1.37612e-60,5.38335e-61)   (-1.19664e-58,-3.38217e-58)    (-2.79007e-56,4.20943e-56)    (1.71431e-54,-1.78911e-54)   (-1.12133e-53,-5.47147e-54)    (-3.92119e-52,7.36529e-52)     (4.89325e-51,7.43198e-51)     (8.02301e-51,1.99783e-50)   (-1.93849e-49,-4.80354e-49)   (-6.24812e-48,-5.35777e-48)    (1.05201e-47,-3.37448e-47)     (2.43793e-66,7.17672e-66)    (-1.07466e-66,-3.6173e-66)     (1.06533e-66,3.11078e-67)    (-3.37089e-67,-3.1605e-67)    (3.03982e-65,-2.70637e-66)     (-4.05651e-64,1.1161e-64)    (-2.03754e-63,5.20954e-63)   (-8.42133e-63,-6.45679e-63)     (3.64166e-72,3.29926e-71)     (4.58398e-73,1.01625e-72)    (-9.38214e-75,3.13529e-74)    (-4.97662e-76,5.64402e-77)    (1.62828e-75,-3.90889e-76)    (1.83931e-75,-1.47665e-75)     (3.45397e-76,1.53186e-75)
   (-2.41458e-78,3.14443e-78)   (-2.15812e-78,-8.46764e-79)     (4.87056e-79,4.41494e-80)     (5.35365e-81,5.16413e-80)    (-1.42032e-80,5.06907e-81)    (-2.95706e-81,2.00701e-81)    (-6.18657e-83,3.33747e-82)   (-1.46671e-63,-2.76676e-63)     (-8.08613e-64,3.7196e-64)     (1.01665e-64,2.00469e-64)    (2.07367e-65,-8.21261e-67)     (1.84283e-67,-2.1056e-67)     (4.52377e-70,3.91141e-69)   (-2.06147e-71,-3.61614e-71)    (3.71246e-73,-1.36259e-72)     (4.75112e-71,3.12453e-70)    (2.87745e-46,-3.25019e-46)   (-8.07195e-48,-4.65227e-47)    (2.15557e-48,-2.52893e-47)   (-1.06542e-47,-2.70289e-48)    (1.54685e-49,-1.93207e-48)    (1.66333e-49,-1.36088e-49)     (1.16889e-51,1.30213e-50)     (-1.40822e-53,6.4769e-53)   (-4.29906e-56,-2.25306e-55)   (-3.00065e-58,-5.03366e-58)      (6.1758e-60,6.52634e-60)   (-8.76549e-63,-2.35364e-62)     (8.08908e-66,4.54617e-66)    (-1.19015e-70,1.34853e-69)   (-1.02349e-73,-2.37452e-74)     (-7.395e-72,-1.47833e-71)     (7.47681e-69,1.05009e-68)   (-3.62131e-66,-5.39471e-66)    (-1.34402e-64,6.62396e-64)      (1.9423e-61,1.25436e-61)    (-5.23551e-59,-3.3877e-59)    (-3.91649e-58,9.91213e-57)    (-1.82204e-55,4.75211e-55)     (4.44627e-54,1.46174e-54)   (-1.04958e-52,-3.03202e-52)    (-1.38522e-51,-3.9379e-51)    (-2.12721e-50,4.08642e-50)    (2.58517e-50,-1.46096e-49)    (-3.15971e-48,-4.1808e-48)   (-2.02278e-47,-8.60079e-48)   (-1.40615e-67,-4.26801e-68)     (9.94455e-68,5.66662e-68)     (3.18773e-68,1.85983e-68)     (2.04355e-69,2.75921e-69)   (-7.23939e-67,-1.56636e-66)      (4.8764e-65,1.85749e-65)   (-5.68847e-64,-4.53721e-65)     (4.8056e-63,-1.48671e-63)   (-1.84257e-73,-1.09873e-73)    (-1.11379e-75,-6.4081e-75)      (4.9066e-77,2.07282e-77)      (1.09075e-77,2.3735e-78)   (-3.36675e-78,-1.12343e-79)      (5.80963e-80,1.1591e-78)    (-2.41458e-78,3.14443e-78)
     (5.87104e-81,2.3867e-82)     (7.00957e-81,7.98189e-81)    (-2.54727e-81,1.25365e-81)   (-5.70241e-83,-1.43162e-82)   (-2.37312e-83,-4.18032e-84)    (-3.71356e-84,-6.3066e-84)    (1.07855e-84,-2.82774e-84)    (-5.21775e-68,-3.3403e-64)   (-2.66006e-65,-8.10534e-65)   (-5.36628e-66,-5.78819e-66)   (-9.70785e-68,-8.82059e-68)    (9.96974e-70,-2.10808e-69)   (-3.55885e-71,-9.67814e-72)   (-1.57883e-73,-9.85298e-74)    (3.51449e-73,-1.90022e-74)   (-3.82391e-71,-2.13717e-72)    (1.67546e-47,-1.35387e-46)   (-1.57956e-47,-3.74361e-48)    (7.23495e-48,-1.73805e-47)     (5.98173e-49,2.57649e-48)    (-2.41831e-49,2.22636e-49)    (-6.40527e-50,2.14755e-50)   (-3.91474e-52,-4.95102e-52)     (1.50381e-53,9.54411e-54)    (6.06045e-56,-2.01205e-56)    (-1.71248e-58,1.84443e-58)      (5.5108e-61,-2.3094e-60)    (-1.39694e-63,1.16701e-63)    (2.84472e-66,-1.38064e-66)     (5.73995e-71,7.66019e-70)   (-8.08183e-74,-1.35235e-74)    (2.03096e-72,-7.00712e-73)     (1.9557e-71,-1.37251e-70)    (-4.88472e-67,1.97207e-67)     (3.60176e-65,4.86885e-65)     (-5.23463e-62,1.2919e-62)   (-7.50345e-60,-1.73368e-60)   (-2.20674e-57,-3.23888e-58)     (-2.42581e-56,-1.654e-55)    (1.10785e-54,-4.92891e-54)    (-8.3796e-53,-1.01064e-52)   (-1.11773e-51,-2.60498e-53)    (-1.75534e-50,1.60246e-50)   (-1.16023e-49,-1.14467e-49)   (-4.00612e-49,-1.65093e-48)     (1.15773e-47,-1.0804e-47)    (6.28161e-69,-4.89616e-69)     (-4.9153e-69,-8.6198e-71)    (5.30316e-70,-6.28698e-70)    (-1.57767e-70,1.79085e-70)     (-1.1522e-68,9.34835e-69)    (-2.44498e-66,-1.6493e-66)     (5.0297e-65,-6.77842e-65)     (7.19646e-64,4.34741e-64)     (1.58197e-75,8.49761e-77)    (-1.08523e-77,6.10416e-78)   (-8.91474e-79,-5.72186e-83)    (-5.15106e-80,1.90411e-81)     (1.96248e-80,1.41179e-80)    (-2.42379e-80,-5.2269e-81)      (5.87104e-81,2.3867e-82)
   (-4.03139e-83,8.93939e-83)     (-3.81293e-83,1.5752e-84)   (-2.51958e-84,-1.91995e-83)      (-1.41e-84,-3.24273e-84)    (3.61801e-85,-2.64856e-85)     (1.64363e-86,2.01566e-86)     (6.92939e-87,9.89397e-87)     (3.40788e-66,-2.0473e-65)   (-3.57916e-66,-5.85525e-67)    (-7.18457e-68,1.31374e-67)   (-4.16686e-70,-1.72558e-69)   (-3.94037e-71,-1.02325e-71)     (-3.90168e-73,9.5345e-74)      (6.1005e-75,5.64403e-75)     (7.46647e-74,9.54443e-74)   (-7.09368e-72,-8.80875e-72)   (-3.46049e-47,-2.74021e-47)    (-1.97876e-49,5.47579e-48)     (1.06381e-48,2.49835e-48)    (-5.38133e-49,3.42403e-49)     (3.03643e-50,4.32277e-50)     (7.00926e-51,8.10402e-51)    (-3.26856e-53,8.29568e-53)   (-5.89765e-55,-1.80369e-54)     (1.39499e-56,8.48648e-57)     (1.13131e-59,1.17847e-58)     (4.2671e-61,-8.49074e-61)   (-1.43107e-64,-6.33028e-64)      (1.17368e-67,4.6339e-67)   (-9.07444e-71,-1.74052e-70)   (-3.97158e-74,-1.31834e-74)    (3.24486e-73,-9.91411e-75)   (-3.77799e-71,-1.58445e-71)   (-2.86644e-68,-4.36045e-68)     (6.10562e-65,1.08308e-65)    (-5.84023e-63,3.42549e-63)     (7.71654e-61,9.48964e-61)    (-2.95536e-58,4.28761e-58)    (-2.02037e-56,-2.8066e-56)   (-9.29209e-55,-1.89393e-54)    (-2.7041e-53,-3.56824e-53)    (8.66172e-52,-1.27838e-53)      (5.2625e-51,-2.6815e-51)     (-4.9949e-50,4.17146e-50)    (3.59478e-49,-7.12214e-49)     (5.40014e-48,-3.7999e-48)    (-2.95421e-70,4.93625e-70)    (1.32254e-70,-1.27678e-70)    (1.41983e-71,-3.25855e-71)    (-5.88851e-72,7.86886e-72)   (-3.53897e-70,-6.28673e-70)    (-5.45753e-68,6.78332e-68)    (1.79306e-67,-5.61097e-66)     (4.21302e-65,6.64883e-65)    (-5.32623e-78,4.75133e-78)     (1.62017e-79,6.08128e-80)     (1.46143e-80,5.47008e-81)     (-3.8731e-83,1.21452e-82)    (-1.03968e-83,-6.9924e-84)     (4.49018e-83,-1.2307e-82)    (-4.03139e-83,8.93939e-83)
  (-5.14056e-85,-4.33767e-85)    (1.84227e-85,-5.77389e-86)     (1.06115e-85,3.52451e-86)    (-1.20109e-86,2.31368e-86)    (-4.32315e-88,5.80099e-87)     (-4.0747e-88,1.66947e-88)    (-1.50813e-89,6.02899e-89)    (-1.05107e-66,5.88145e-67)     (3.89326e-68,5.57549e-68)    (-1.27743e-69,1.36049e-70)    (-3.47103e-71,5.09965e-71)     (4.30274e-74,6.78743e-73)   (-6.88024e-75,-7.75156e-75)   (-1.72912e-76,-3.47692e-77)    (9.14343e-75,-3.48887e-75)     (1.54941e-73,-3.6604e-72)     (2.30344e-48,3.77435e-48)     (-3.2538e-48,3.19454e-48)    (-2.34804e-49,9.01194e-49)     (5.82158e-50,8.30225e-50)     (1.28764e-51,1.92923e-50)    (1.86456e-52,-1.62707e-51)    (7.18384e-54,-6.27865e-54)    (-7.87812e-56,3.16994e-55)     (5.15798e-57,6.66748e-58)    (-5.08493e-59,2.01912e-59)      (7.82547e-62,6.4591e-62)    (-1.09622e-64,8.21126e-65)     (1.39093e-67,2.23696e-68)   (-7.57223e-71,-1.95602e-71)    (-1.28434e-74,3.24366e-75)     (6.84102e-74,6.41939e-74)   (-7.55065e-72,-2.70234e-72)   (-3.53603e-69,-1.51647e-69)    (-3.16494e-66,7.26404e-66)   (-3.73028e-63,-2.32347e-63)      (6.0744e-61,8.86456e-62)       (7.2966e-59,6.9117e-59)   (-8.30417e-57,-1.67757e-57)   (-7.78492e-55,-1.17207e-55)     (9.85558e-54,4.22828e-54)    (3.48195e-52,-6.76406e-53)    (-1.40139e-51,5.07268e-51)   (-5.24589e-50,-2.75647e-50)    (9.54688e-51,-2.18084e-49)    (2.89089e-48,-8.94632e-49)    (-3.08309e-71,7.71407e-72)    (1.66672e-72,-4.60015e-72)    (6.70062e-73,-7.16077e-73)       (3.3543e-73,6.1549e-74)    (-3.31744e-71,2.61699e-71)   (-4.94784e-70,-1.88154e-69)    (-1.58747e-67,5.78565e-68)    (3.06907e-66,-5.77009e-66)    (-7.32057e-80,5.08197e-80)     (-4.4984e-81,1.04867e-81)     (1.6251e-83,-9.02417e-83)   (-2.08122e-85,-8.79739e-85)   (-4.49488e-85,-4.48394e-85)    (-9.06406e-85,4.99711e-85)   (-5.14056e-85,-4.33767e-85)
    (3.69316e-87,5.15685e-88)     (2.74054e-87,1.32158e-87)    (-6.38564e-88,-1.4473e-87)   (-5.77194e-89,-2.21149e-88)     (6.12922e-89,1.04481e-89)    (8.03483e-90,-4.27294e-90)   (-2.91983e-91,-2.38467e-90)     (3.14979e-68,2.82035e-68)     (6.57366e-70,9.02505e-70)     (3.29274e-71,2.43785e-71)       (5.7379e-73,5.4142e-73)   (-3.28223e-75,-3.30828e-75)    (1.88975e-77,-6.10359e-76)    (2.87798e-77,-2.01918e-76)    (-1.80182e-74,1.82004e-74)     (1.45108e-72,-3.2849e-73)    (-1.68127e-49,4.51983e-48)     (5.10825e-49,1.20246e-48)     (2.27833e-49,4.65772e-50)     (7.3286e-51,-1.56611e-50)   (-1.52499e-51,-6.97641e-52)    (-1.28764e-52,1.87985e-52)   (-7.55874e-56,-4.42114e-54)    (-4.84741e-56,5.96256e-57)     (9.98023e-58,3.93911e-58)   (-2.96426e-61,-1.32568e-60)      (2.97331e-62,3.5152e-63)    (-1.6817e-65,-1.52464e-65)     (2.38398e-68,-3.0567e-68)     (5.69803e-72,3.22384e-72)    (1.17144e-75,-3.63429e-75)      (4.03874e-74,4.9766e-75)    (1.16399e-72,-5.20496e-72)   (-1.16765e-69,-1.06221e-69)     (-2.03276e-66,1.4822e-66)    (1.62762e-64,-9.80858e-65)     (1.10366e-61,9.58363e-62)   (-1.92129e-59,-1.09555e-59)   (-1.13062e-57,-3.73857e-57)    (-1.26288e-55,2.23422e-55)    (-8.64148e-54,2.04072e-54)    (1.02916e-52,-8.72092e-53)     (1.13515e-52,2.27821e-51)    (-2.67346e-50,-9.1849e-51)    (9.36024e-50,-2.30444e-49)     (1.87355e-48,9.82807e-50)      (-6.321e-73,1.10289e-72)    (-1.64741e-73,1.58747e-73)     (-4.61442e-74,1.9097e-74)   (-8.75564e-75,-5.47306e-77)      (1.7721e-73,8.69888e-73)    (-9.42708e-71,7.48474e-71)    (-1.97843e-69,-1.8676e-69)   (-2.67902e-67,-3.76113e-68)    (2.60071e-81,-1.88568e-81)    (-1.14202e-83,3.61752e-83)    (-3.01682e-85,8.46593e-85)    (-1.54438e-86,9.88506e-87)     (3.78965e-87,5.50013e-88)    (2.16713e-87,-6.78524e-88)     (3.69316e-87,5.15685e-88)
   (-3.6574e-89,-6.32453e-89)    (-2.04579e-89,2.00783e-89)       (1.931e-90,1.11306e-89)    (-7.34444e-90,3.02911e-90)     (1.1904e-90,-2.18767e-91)    (1.65388e-92,-3.26283e-91)    (5.64063e-93,-6.07147e-92)     (2.65054e-70,-1.4747e-69)    (-5.21861e-72,3.44055e-71)    (9.85227e-73,-2.57696e-73)      (2.28926e-74,5.9915e-75)    (-8.53006e-76,5.15259e-76)    (1.54443e-77,-1.15006e-77)     (5.8519e-77,-7.42339e-77)    (-1.00347e-74,2.28393e-75)     (6.40142e-73,4.31413e-73)     (1.14316e-48,5.92945e-49)     (3.40033e-49,-9.3913e-50)    (-5.14826e-52,-5.6751e-50)     (9.52621e-51,4.32769e-51)     (7.46341e-53,2.97928e-52)   (-3.03468e-54,-1.29192e-53)     (1.04033e-55,-1.4755e-57)    (-1.35178e-56,4.76507e-57)    (-3.4157e-59,-1.46168e-58)   (-1.64385e-61,-5.51979e-61)    (2.81238e-63,-1.53736e-63)     (5.81886e-66,9.83525e-67)   (-2.56885e-69,-3.79491e-69)    (-2.20239e-72,7.24246e-72)     (2.29807e-76,1.26618e-75)    (8.05429e-75,-3.04174e-75)    (5.34196e-73,-1.06578e-72)     (5.98146e-70,3.02512e-70)   (-5.80653e-67,-2.73128e-68)      (1.5954e-64,4.74932e-66)    (2.07386e-62,-1.44392e-62)    (-5.5083e-60,-3.33601e-60)     (1.97607e-58,3.88032e-58)    (2.15623e-56,-4.36001e-56)    (-6.10067e-55,2.51647e-54)    (-2.58944e-53,2.97849e-53)     (5.84452e-52,7.44153e-52)     (-1.27358e-50,1.2092e-51)    (2.09259e-50,-1.25802e-49)    (9.47333e-49,-8.37327e-51)    (4.66755e-74,-3.78838e-74)    (1.28849e-74,-4.82377e-75)    (2.49463e-75,-1.41592e-76)    (-2.0657e-77,-1.84991e-76)     (1.37032e-74,1.39744e-74)       (2.474e-73,3.71684e-72)   (-2.62081e-71,-2.45425e-70)    (-1.06909e-69,4.27569e-69)     (1.65125e-84,4.53216e-84)     (2.6867e-85,-7.04729e-85)    (3.58517e-87,-1.67394e-86)     (-9.48268e-88,1.9458e-88)     (-8.60919e-89,3.6114e-89)    (-7.77042e-90,6.38063e-89)    (-3.6574e-89,-6.32453e-89)
    (7.14716e-91,2.25987e-91)   (-1.46485e-91,-4.96571e-91)   (-1.19713e-92,-1.64041e-91)    (8.05406e-92,-1.01329e-91)     (2.47478e-92,8.78057e-95)     (5.32294e-93,-5.6814e-93)     (1.01526e-92,-1.2767e-93)    (2.21264e-71,-8.49231e-73)   (-6.58992e-73,-1.59499e-72)   (-3.01456e-74,-5.00081e-74)    (1.43241e-75,-1.52099e-75)     (6.63491e-77,4.66882e-77)   (-1.76136e-78,-8.99389e-79)   (-1.88218e-77,-3.37827e-78)     (1.23057e-76,2.00854e-75)     (2.24072e-73,3.06517e-73)   (-1.85591e-49,-2.96733e-50)    (-2.75707e-50,7.26429e-50)     (1.79538e-50,3.93161e-51)    (-2.98495e-52,6.91488e-52)    (7.28254e-53,-1.57545e-53)     (-2.2147e-54,1.22971e-55)   (-1.26029e-56,-7.04844e-56)     (-3.95309e-57,1.9518e-57)    (9.22115e-59,-4.16753e-59)   (-2.04254e-61,-2.30329e-61)     (2.45814e-64,3.10099e-65)   (-4.78423e-67,-1.31225e-66)    (-1.69259e-69,7.94215e-72)      (-1.0527e-72,1.6324e-73)    (-1.18061e-76,-6.3149e-76)   (-1.76345e-75,-3.58661e-75)    (3.30042e-73,-1.06082e-73)    (1.74762e-70,-2.46924e-70)   (-2.49917e-67,-1.18673e-67)     (8.38163e-65,2.72135e-65)    (-7.99749e-63,3.57445e-62)   (-6.26212e-61,-1.99901e-60)      (2.00769e-58,5.8492e-59)   (-2.23034e-59,-1.43301e-56)     (4.07569e-56,8.29115e-55)   (-2.44493e-54,-1.74945e-53)   (-1.74364e-52,-1.69463e-52)     (1.59015e-51,5.80737e-52)     (1.25784e-51,6.67743e-51)    (4.57628e-49,-1.19836e-49)    (3.45784e-75,-1.71325e-75)   (-4.07717e-76,-5.21722e-79)    (-8.56005e-78,9.57876e-77)   (-6.30541e-78,-2.31177e-77)     (4.84527e-76,8.80847e-77)      (1.9818e-73,5.79795e-74)     (5.28618e-72,1.36656e-71)   (-1.80473e-70,-2.64846e-70)     (2.02348e-84,1.36295e-84)     (-2.0498e-86,2.16489e-86)   (-5.29232e-89,-8.94155e-90)      (5.40926e-89,1.8912e-89)     (1.77713e-90,4.08904e-90)   (-5.32466e-91,-9.99914e-91)     (7.14716e-91,2.25987e-91)
   (3.99245e-93,-5.02607e-93)     (9.53543e-93,5.89301e-93)    (-2.09298e-94,4.17252e-93)    (-1.12675e-93,1.98668e-93)    (2.29028e-94,-4.50952e-95)    (-1.81052e-94,3.12044e-94)     (4.16683e-93,3.06348e-93)    (3.75852e-73,-1.22905e-72)    (-1.67155e-75,3.31274e-74)    (-2.23788e-75,6.38439e-76)   (-1.63768e-76,-5.06617e-77)    (3.79385e-78,-7.65093e-78)     (4.1751e-79,-2.31039e-79)     (1.73208e-77,8.08388e-79)   (-8.92176e-76,-1.87058e-75)    (7.50858e-74,-5.34321e-75)   (-1.69279e-50,-8.18282e-50)   (-1.99839e-50,-3.22646e-51)      (2.21147e-51,-4.652e-51)    (-7.27361e-52,6.76459e-52)   (-5.87503e-55,-1.86487e-53)     (1.14909e-55,4.35453e-55)   (-1.93647e-56,-1.65991e-56)    (-7.91446e-58,1.42274e-57)    (1.14371e-59,-2.53224e-59)     (-4.87658e-62,1.6423e-61)     (1.50789e-64,6.96475e-65)    (-3.98737e-67,4.07102e-69)   (-5.16185e-71,-9.74317e-70)     (-2.27389e-73,3.0433e-73)    (-1.20109e-76,8.43359e-77)    (-1.84266e-75,-7.5607e-76)    (1.67355e-73,-3.33072e-73)    (3.60901e-71,-1.27555e-70)   (-8.52016e-68,-1.25444e-67)    (7.25664e-65,-6.51865e-65)    (-8.10933e-63,1.72863e-62)    (4.08225e-61,-1.21976e-60)     (8.20096e-59,1.91737e-59)   (-3.16611e-57,-1.93947e-57)     (1.58957e-55,2.41845e-55)     (1.45348e-53,2.56273e-54)   (-1.10634e-52,-4.96063e-53)    (-1.61554e-51,1.79056e-51)    (-7.04807e-51,-2.6695e-50)    (-2.06858e-50,1.21908e-50)     (1.70741e-76,2.72966e-76)     (2.69473e-77,5.08691e-77)    (3.33842e-78,-4.19546e-78)   (-1.05331e-78,-1.14858e-78)   (-1.08966e-77,-3.69125e-77)     (2.15075e-75,1.16263e-75)    (4.13216e-73,-3.46564e-73)    (-1.80138e-71,2.28266e-71)   (-1.79459e-86,-7.98783e-86)    (3.52079e-88,-7.51391e-88)   (-7.87346e-90,-1.46075e-90)   (-2.04325e-90,-3.05158e-90)     (2.09289e-91,-1.9011e-91)      (2.98763e-92,4.8248e-92)    (3.99245e-93,-5.02607e-93)
   (1.10059e-94,-5.30119e-95)    (-2.00138e-94,2.31435e-96)   (-1.54227e-95,-7.24389e-95)    (-4.96429e-96,-6.6113e-95)    (-1.74284e-95,5.04253e-97)    (2.58265e-95,-8.72492e-96)    (4.79565e-94,-1.21768e-93)    (-1.15043e-73,4.54092e-74)    (2.26606e-76,-4.00946e-76)     (2.18494e-76,5.97671e-77)     (-1.6031e-78,1.78301e-77)    (-1.02224e-78,1.98111e-79)    (-4.79789e-80,9.45213e-81)     (5.98054e-78,4.83393e-78)    (-6.06118e-77,4.97972e-76)    (-2.86538e-74,7.17669e-74)     (2.84199e-50,5.95003e-51)    (-1.46919e-51,4.00222e-51)     (3.20365e-52,1.04124e-52)      (1.9234e-52,1.31314e-52)      (-5.6088e-54,1.0503e-54)    (1.18956e-55,-1.62371e-55)    (-6.2433e-57,-5.53683e-57)     (2.40903e-58,8.01744e-59)     (6.34612e-61,2.48742e-60)    (-9.60679e-63,4.05598e-62)   (-1.84005e-65,-7.87577e-66)   (-4.11279e-69,-6.72689e-68)   (-2.29329e-70,-1.10487e-70)      (1.0752e-73,1.49275e-73)     (4.55403e-77,-6.6312e-77)    (-1.01883e-75,3.06035e-76)     (5.5932e-74,-1.47813e-73)   (-3.42277e-71,-9.24971e-72)   (-7.15771e-69,-2.87918e-69)    (4.39658e-65,-1.49564e-66)    (1.12156e-63,-2.23482e-63)   (-1.77802e-61,-1.65096e-61)     (1.01142e-59,1.65474e-59)    (-2.02869e-57,8.98257e-58)     (8.22005e-56,4.09657e-56)    (5.15884e-54,-3.03039e-54)    (4.73826e-53,-3.43659e-53)    (-5.06111e-52,9.44288e-52)     (9.67359e-52,4.23987e-51)    (8.22365e-50,-8.24179e-50)    (-2.19247e-78,-7.7134e-78)    (2.48879e-78,-3.14114e-78)    (2.55844e-79,-4.09474e-79)    (-3.22187e-80,1.72206e-79)     (4.04686e-79,8.47472e-79)     (1.39066e-76,1.14713e-76)    (5.64806e-75,-1.58198e-74)      (1.77462e-72,5.5603e-73)   (-8.50796e-88,-1.25508e-87)   (-3.37612e-89,-3.46796e-90)     (-1.50477e-91,4.0371e-91)     (2.80867e-92,1.79142e-91)   (-1.79636e-92,-1.44215e-92)   (-1.49061e-93,-3.50808e-93)    (1.10059e-94,-5.30119e-95)
    (3.82492e-96,4.82824e-96)    (-2.51012e-96,3.96805e-96)   (-3.74215e-96,-3.61602e-96)    (1.11238e-96,-1.79803e-96)    (1.36571e-96,-5.02765e-97)    (-6.46173e-96,2.71498e-96)    (-1.38073e-93,9.04583e-94)     (2.30126e-75,3.11176e-75)    (-2.92847e-76,2.49039e-76)     (2.59925e-79,3.46321e-77)   (-2.51809e-78,-4.07927e-79)   (-1.01221e-79,-1.18478e-79)    (7.59936e-80,-8.63106e-81)     (1.70405e-78,3.07753e-78)    (-1.45424e-76,2.54807e-76)    (1.61083e-74,-1.32891e-74)    (5.03562e-51,-9.40825e-51)     (8.63914e-52,1.65281e-52)    (-6.07191e-53,7.42099e-52)    (6.88217e-54,-5.53827e-53)     (8.89579e-55,1.02908e-54)   (-7.80369e-57,-6.23706e-56)    (-2.33405e-57,1.03776e-57)     (8.70522e-59,1.42644e-58)   (-1.20673e-60,-2.00789e-60)    (-7.41558e-63,5.29894e-63)     (3.17223e-67,2.11725e-66)   (-1.93844e-68,-4.04489e-69)    (-5.50212e-71,1.86767e-71)     (6.83318e-74,1.04248e-73)    (8.29983e-77,-1.81384e-76)   (-3.36345e-76,-1.82022e-76)    (-3.6955e-76,-1.69719e-74)   (-2.03557e-71,-1.37356e-71)    (2.91143e-69,-4.96407e-69)     (3.04938e-66,1.93127e-65)     (-4.90248e-63,2.3379e-63)    (3.55618e-61,-3.40481e-61)     (1.11054e-59,2.29512e-61)    (-1.0992e-57,-6.34743e-58)    (2.74295e-56,-1.64809e-56)    (4.49296e-55,-2.63342e-54)     (-2.8322e-53,4.03559e-53)    (-3.44011e-53,4.57633e-52)     (1.70902e-51,1.74228e-51)     (-1.18683e-50,5.1837e-51)     (1.66352e-79,9.49216e-79)   (-3.11752e-79,-3.29074e-80)     (5.97893e-80,1.05885e-80)    (-2.60937e-80,-5.7346e-81)   (-5.52489e-79,-8.18934e-79)   (-8.50977e-78,-1.16619e-77)    (3.10901e-76,-3.24272e-76)   (-1.43663e-74,-6.95042e-74)     (1.50365e-88,8.25228e-89)     (3.52683e-91,1.22333e-90)     (1.08018e-91,3.30552e-92)     (3.75253e-94,9.05309e-93)   (-1.65597e-93,-1.78696e-94)     (-1.96654e-94,7.6973e-95)     (3.82492e-96,4.82824e-96)
  (-6.59443e-97,-1.36444e-97)    (-1.41762e-97,1.25412e-97)   (-5.40223e-98,-4.80912e-99)    (4.65329e-98,-1.23715e-97)    (-6.81987e-98,4.34916e-98)   (-3.18792e-96,-1.86146e-96)    (-9.2131e-94,-7.48112e-94)     (-2.47504e-76,2.8575e-78)   (-4.94303e-78,-4.28398e-77)   (-4.45996e-78,-7.11358e-79)   (-4.53509e-80,-2.95493e-79)    (1.49142e-80,-8.34437e-81)    (4.55958e-80,-8.72834e-81)      (5.2349e-79,1.43649e-78)    (-1.32855e-76,1.22505e-76)    (1.09684e-74,-4.74514e-75)   (-3.29356e-51,-2.52136e-51)   (-3.65066e-53,-2.47022e-52)    (2.06592e-52,-7.30351e-53)    (-2.91902e-54,4.52896e-54)     (3.69481e-55,7.14087e-56)    (3.11131e-57,-6.20133e-57)      (-1.794e-57,6.09599e-58)     (-1.0862e-59,-2.3146e-59)     (-5.4039e-61,-4.9439e-61)    (-1.24421e-63,2.18096e-63)    (1.54011e-66,-1.72244e-67)    (-4.39075e-69,4.20074e-69)   (-3.61565e-72,-1.89313e-71)   (-1.86177e-74,-2.08849e-74)     (1.26849e-76,-3.1915e-77)    (-6.66134e-77,5.31537e-77)     (2.91997e-74,3.92975e-74)    (-9.3737e-72,-1.17337e-71)    (2.28913e-69,-2.17239e-69)    (-2.82929e-67,9.50605e-66)   (-2.98593e-63,-3.34905e-65)   (-1.00887e-61,-1.98383e-62)    (-4.72131e-60,1.44712e-59)    (-1.90432e-58,9.49765e-59)     (2.04269e-56,2.02393e-56)    (-2.70477e-55,4.53501e-55)     (5.35245e-54,2.42967e-53)     (9.78088e-53,1.86223e-52)     (1.19006e-51,4.58797e-52)    (-4.26824e-51,7.50401e-51)    (3.72447e-80,-1.04836e-79)     (1.08305e-80,2.36748e-80)   (-3.42923e-81,-2.97182e-81)    (1.70161e-81,-2.82633e-81)    (3.83385e-80,-1.58331e-79)     (4.19191e-78,-1.2328e-78)    (-4.35743e-77,3.08308e-77)    (-2.56623e-75,1.05469e-75)    (5.73463e-90,-8.48379e-90)     (1.85594e-92,-1.2747e-92)   (-5.05342e-93,-4.42162e-93)    (-3.82328e-94,4.53998e-94)     (1.10278e-94,7.18329e-95)    (8.84437e-96,-5.46812e-96)   (-6.59443e-97,-1.36444e-97)
    (1.10384e-97,3.52595e-99)    (7.14811e-99,-1.54612e-99)  (-4.14001e-100,-8.50346e-99)     (1.47961e-99,1.64347e-99)   (-4.89336e-99,-1.62277e-99)   (-3.90847e-97,-2.55079e-96)    (2.80791e-94,-9.25976e-94)      (6.15264e-77,2.6333e-77)    (6.80973e-78,-3.53538e-78)   (-8.46372e-81,-6.17416e-79)    (4.99445e-80,-1.80734e-81)   (-2.14702e-82,-2.14752e-81)   (-1.74637e-81,-2.07582e-81)        (2.68e-79,5.81811e-79)    (-1.06184e-76,7.66238e-77)    (7.09853e-75,-2.26386e-75)    (-1.04251e-51,1.34067e-51)    (-7.97067e-53,2.11905e-53)    (-5.52651e-54,5.34048e-54)    (-3.07924e-55,3.37716e-54)   (-2.97073e-56,-4.24138e-56)   (-7.58777e-58,-8.43144e-58)    (-5.34623e-58,4.16905e-58)   (-7.92787e-60,-3.00002e-60)   (-2.23847e-61,-7.64168e-62)    (-2.05892e-65,6.67387e-64)    (1.27736e-67,-5.49038e-67)    (3.52002e-70,-3.79097e-69)   (-1.48133e-71,-7.62853e-72)    (2.03326e-74,-2.74317e-74)    (-3.2751e-77,-3.68725e-77)     (-8.51173e-78,3.3983e-78)     (1.40994e-74,1.46831e-74)    (-1.22332e-71,8.72431e-72)    (1.17875e-69,-1.29398e-69)    (-6.84117e-67,4.16711e-66)   (-1.55587e-63,-5.91779e-64)    (-6.1499e-62,-2.34352e-63)    (-5.94688e-60,7.48482e-60)    (-2.13167e-58,8.44437e-59)   (-4.80284e-58,-8.08028e-57)    (-4.4596e-55,-3.38223e-55)   (-2.42883e-54,-7.14755e-54)     (8.53209e-53,3.17794e-53)    (7.79715e-52,-1.89852e-52)     (6.54951e-52,4.60504e-51)    (-1.22467e-80,8.45058e-81)    (1.06892e-81,-2.32852e-81)    (2.35927e-82,-2.18449e-82)   (-2.32537e-82,-7.71246e-82)     (-7.87485e-81,2.5554e-80)     (2.69065e-79,8.10322e-80)    (1.59407e-78,-6.19876e-78)      (1.33929e-76,7.8805e-77)   (-5.47529e-91,-4.94237e-91)    (-2.39069e-93,2.12644e-93)   (-3.37643e-94,-3.34391e-94)    (3.02703e-95,-7.47713e-95)     (1.71552e-96,-1.3429e-95)   (-6.23936e-97,-4.96162e-97)     (1.10384e-97,3.52595e-99)
  (-1.91722e-99,-1.08876e-98)  (-3.27034e-101,2.73988e-100)   (-3.1447e-100,2.09578e-100)   (4.84095e-100,4.51892e-101) (-9.23156e-100,-4.11214e-100)    (1.23875e-96,-1.47284e-96)    (8.48981e-94,-1.52197e-94)    (1.09665e-77,-4.98616e-78)     (3.56733e-79,1.10584e-78)    (1.11147e-79,-1.09327e-80)     (7.40166e-82,-7.0795e-81)     (3.23253e-82,-1.7727e-82)      (1.96278e-80,4.6761e-81)   (-5.39956e-79,-2.25529e-78)    (4.81411e-77,-2.30213e-77)   (-5.80239e-75,-7.37024e-76)   (-3.50694e-52,-1.81186e-52)    (5.51998e-53,-1.99869e-52)    (-2.05327e-53,2.76313e-54)     (1.7916e-55,-2.89826e-55)    (-4.09087e-56,1.20578e-56)   (-3.16697e-57,-2.54908e-57)    (-1.03505e-58,2.19619e-58)    (-2.63169e-60,1.53565e-60)    (-7.64626e-62,1.38863e-62)     (9.06733e-65,1.62386e-64)   (-8.15086e-68,-1.18435e-67)      (5.2876e-70,6.91508e-70)    (6.55363e-73,-5.52201e-72)    (-6.91574e-75,1.29344e-74)     (2.53056e-77,-2.9686e-77)   (-5.39008e-77,-6.65586e-77)    (-1.72565e-74,1.22078e-74)   (-2.82389e-72,-4.67166e-72)    (9.73975e-70,-4.97166e-70)     (-6.20768e-67,1.6868e-66)   (-7.76787e-64,-5.36769e-64)    (-3.84074e-62,7.78758e-63)    (-4.61106e-60,3.42762e-60)   (-6.77371e-61,-1.47369e-58)     (4.4066e-57,-5.19936e-57)     (5.82944e-56,9.07468e-56)      (6.45277e-54,1.8458e-54)    (-8.88258e-53,2.45916e-53)    (-5.31621e-52,4.43672e-52)   (-4.15249e-51,-6.33526e-51)   (-2.49268e-81,-8.88373e-82)     (5.63113e-82,-5.8001e-83)    (3.70323e-83,-1.14444e-83)     (7.90538e-83,9.11804e-83)     (3.13799e-81,3.45955e-81)   (-1.53842e-79,-6.63857e-80)    (2.63824e-78,-1.76137e-78)    (2.51848e-77,-1.23873e-77)    (-4.91789e-92,3.86912e-92)   (-4.05698e-95,-1.65553e-94)   (-1.46058e-96,-3.51464e-95)   (-8.87421e-96,-4.47443e-96)    (-1.02017e-96,7.87107e-98)   (-5.62796e-98,-1.22065e-97)   (-1.91722e-99,-1.08876e-98)
  (-1.24967e-99,1.64885e-100)   (2.52653e-101,4.39889e-102)  (-1.69121e-101,1.99003e-101) (-1.10009e-101,-2.97912e-101)  (5.64041e-100,-3.22815e-100)    (1.37241e-96,-7.11876e-98)     (5.65676e-94,5.98396e-94)     (1.09453e-79,2.01161e-78)     (2.37112e-79,3.82842e-80)      (6.8311e-81,1.38901e-80)    (9.94717e-82,-6.40475e-82)    (-2.08896e-83,2.51511e-83)     (7.3079e-82,-9.17445e-82)     (6.83217e-80,2.05663e-79)    (1.75357e-77,-1.78222e-77)     (2.62273e-75,2.06795e-75)    (-6.56075e-53,1.26753e-52)     (1.43406e-53,8.15966e-54)    (1.65713e-54,-2.74692e-55)   (-6.48713e-56,-3.34098e-55)    (-3.17154e-57,8.03998e-57)   (-1.54546e-57,-3.45288e-58)    (3.99141e-59,-4.55509e-59)     (-1.66118e-61,1.2087e-60)     (-1.82147e-62,1.7893e-62)     (4.42652e-65,2.47747e-65)    (6.19485e-68,-5.11824e-68)    (6.41907e-71,-1.34304e-71)      (1.67552e-72,1.0604e-72)    (-4.71593e-75,4.56657e-76)      (2.1158e-77,7.26529e-78)    (6.54031e-78,-4.38647e-77)      (5.6571e-75,9.19934e-75)   (-3.94538e-72,-2.24144e-72)     (2.18725e-69,3.26885e-70)     (-5.02873e-67,6.6414e-67)   (-4.04784e-64,-3.60941e-64)    (-2.49703e-62,1.16201e-62)      (1.5418e-60,7.29521e-61)     (1.7975e-59,-1.10562e-58)    (1.74159e-57,-2.95678e-57)     (-6.46439e-56,1.0105e-55)    (-1.4363e-54,-3.85888e-55)    (2.80161e-53,-2.20944e-53)    (-8.61536e-54,3.42315e-52)     (7.76386e-52,1.49723e-51)     (9.22264e-83,2.92067e-82)     (2.05121e-84,5.74162e-83)     (7.31811e-85,3.50713e-84)     (1.42799e-83,1.55261e-85)    (-6.25012e-82,1.22517e-81)   (-1.86803e-80,-2.18761e-80)   (-2.09814e-80,-6.06589e-79)      (5.8083e-78,2.54303e-78)      (3.16134e-93,5.9279e-93)    (-5.03334e-95,-2.9187e-95)    (-6.23914e-96,2.57722e-96)    (-4.78001e-97,1.17401e-96)    (-6.96382e-98,6.42259e-98)   (-1.39992e-98,1.54931e-100)   (-1.24967e-99,1.64885e-100)
  (6.20047e-102,1.34577e-100)  (-3.98717e-103,5.99576e-102)   (2.00937e-102,9.89982e-103) (-8.88406e-104,-5.44058e-102)   (1.90446e-100,1.56034e-100)      (1.2158e-96,1.43003e-98)    (-5.89863e-94,7.43099e-95)    (-3.70991e-79,1.71865e-79)      (2.70465e-81,4.2384e-80)    (3.53123e-81,-4.80802e-82)   (-6.39735e-83,-2.52709e-82)    (-2.96326e-83,5.01966e-83)     (9.61528e-81,1.07871e-81)   (-1.96763e-79,-1.14442e-78)    (2.34187e-77,-9.93691e-78)   (-1.24929e-75,-1.00829e-75)     (2.22562e-53,7.97798e-53)    (-1.40062e-53,2.41705e-53)    (2.02345e-54,-4.49544e-55)   (-1.18354e-55,-5.02555e-56)   (-8.11042e-58,-5.45227e-57)     (-6.91672e-58,2.3623e-58)   (-4.29349e-60,-2.17813e-59)     (3.75863e-61,3.51785e-61)     (-6.05989e-63,1.9248e-63)    (1.04304e-65,-1.16744e-65)     (2.03434e-69,9.44117e-69)    (-8.30092e-71,1.88421e-70)     (1.86782e-73,-4.8407e-73)   (-4.78474e-76,-6.73376e-76)       (7.4511e-78,1.5688e-77)   (-3.05371e-77,-5.47833e-78)    (-2.16957e-75,1.92292e-74)     (2.17914e-72,2.25747e-72)     (4.96021e-70,1.55219e-70)     (-3.9208e-69,5.50589e-67)     (3.71338e-65,-2.0992e-64)     (-1.63522e-62,1.1974e-62)      (1.0468e-60,1.74155e-61)    (1.63362e-59,-7.61898e-59)     (2.90719e-58,5.22137e-58)    (-1.12787e-56,6.33524e-56)     (4.29595e-55,-1.7855e-54)     (9.46623e-55,3.01005e-53)     (6.06633e-53,3.17551e-52)   (-1.94936e-51,-6.11545e-52)     (9.81267e-83,2.27871e-83)    (-5.24947e-84,8.00191e-84)     (3.12192e-85,5.52359e-85)    (4.17925e-85,-5.54377e-85)     (1.10023e-82,2.15917e-82)    (-6.28987e-81,6.74897e-82)    (1.63119e-80,-4.47807e-80)    (-4.21472e-79,2.07909e-79)      (1.99868e-94,4.8773e-94)    (3.10815e-96,-6.25015e-96)    (6.79908e-97,-7.54089e-98)     (1.09559e-97,6.40605e-98)     (7.67954e-99,9.65019e-99)   (-7.65121e-101,1.33316e-99)   (6.20047e-102,1.34577e-100)
  (1.39811e-101,1.07819e-102)   (9.75778e-103,1.93219e-103)  (1.61595e-103,-1.55299e-103)     (2.21685e-102,2.124e-102)   (1.13654e-100,1.39467e-100)    (-7.64214e-97,1.04384e-96)   (-1.94794e-94,-7.92351e-94)    (-6.79871e-81,6.89064e-80)      (6.47978e-81,2.7641e-81)      (1.496e-82,-5.74384e-82)   (-4.16764e-83,-7.69718e-84)    (-3.59487e-83,2.72171e-83)     (6.37458e-81,3.86171e-81)    (2.43855e-79,-8.50424e-79)    (-6.51656e-77,6.76694e-78)      (1.0342e-75,1.57427e-75)   (-7.63296e-53,-1.19578e-53)     (3.68526e-54,8.99038e-54)      (2.677e-55,-7.14265e-55)    (-2.83991e-56,2.47723e-56)   (-2.16347e-57,-1.54707e-57)    (-2.33256e-58,2.51324e-58)     (1.57554e-59,3.18431e-60)    (2.22244e-61,-4.81098e-62)    (-2.81888e-63,1.17565e-63)    (6.94888e-66,-1.10876e-66)    (6.50093e-69,-3.71459e-69)    (-1.01061e-70,4.67239e-71)    (4.62062e-73,-4.36581e-74)   (-1.98768e-75,-1.04806e-75)     (8.26123e-78,1.01245e-77)   (-8.95672e-79,-2.81763e-77)      (2.76806e-75,7.7401e-75)   (-2.41796e-72,-1.14681e-72)      (4.1043e-70,4.80738e-71)    (-3.95691e-67,9.54461e-68)    (1.24552e-64,-1.21008e-64)     (-1.01298e-62,1.1594e-62)     (-1.47463e-60,3.4612e-61)    (1.27751e-59,-5.03083e-59)     (5.07788e-58,6.14789e-58)     (1.09475e-56,3.32149e-56)   (-1.51781e-55,-9.55583e-55)     (6.02464e-54,1.71058e-53)   (-1.41886e-52,-1.21321e-52)     (7.29692e-52,4.14572e-53)     (5.10332e-84,1.71842e-83)     (1.17025e-84,8.45254e-85)     (1.15879e-85,-6.9662e-86)     (1.29762e-85,3.82436e-85)     (3.99259e-83,1.49249e-84)     (-5.2461e-82,1.18032e-81)   (-9.07342e-81,-8.11446e-81)     (1.56729e-80,4.37286e-80)     (1.34154e-94,8.52445e-95)    (6.09039e-97,-6.68893e-97)    (6.37589e-99,-1.15569e-97)     (1.1342e-98,-9.58811e-99)   (2.00588e-99,-5.61119e-100)  (1.93733e-100,-1.66126e-101)   (1.39811e-101,1.07819e-102)
 (1.14829e-103,-1.43162e-102)  (4.78483e-104,-1.19284e-103)  (-1.11158e-104,3.68332e-104)   (1.99755e-102,3.16867e-102)  (-3.84044e-101,2.02743e-100)    (-1.16057e-96,1.10537e-96)   (-6.58828e-94,-9.99635e-94)     (1.35707e-80,4.18112e-81)    (5.23984e-82,-1.20876e-81)   (-1.15344e-82,-2.45313e-83)    (-1.29043e-84,7.36785e-84)     (8.93712e-84,3.32966e-84)    (4.02634e-82,-1.01283e-81)    (-1.68135e-80,1.55299e-80)    (5.58674e-78,-6.79771e-78)   (-8.03787e-76,-2.31289e-76)    (5.32264e-54,-7.27586e-54)   (-5.59288e-55,-9.45834e-55)    (-2.29925e-56,1.13382e-55)    (1.62487e-57,-5.62649e-57)    (-1.33674e-57,-2.5984e-58)    (-1.49629e-59,1.54313e-58)    (5.97208e-60,-3.19668e-60)   (-1.39689e-61,-5.63477e-62)     (6.35861e-64,1.08175e-63)    (3.78352e-67,-1.46495e-66)     (1.53659e-69,-3.6633e-69)     (-3.9633e-71,4.10953e-71)     (1.6958e-73,-1.59637e-73)   (-3.18598e-76,-1.34529e-75)     (8.17354e-78,9.41213e-78)     (3.77648e-78,-2.5346e-77)     (5.55126e-76,6.57992e-75)   (-1.59774e-72,-1.13882e-72)     (2.80248e-70,1.07046e-70)     (-9.52607e-68,1.4649e-67)   (-3.50686e-65,-1.24698e-64)     (1.56718e-62,1.05632e-62)    (-1.01507e-60,2.91184e-61)    (8.62683e-60,-3.25609e-59)     (4.94633e-58,5.18793e-58)    (6.96823e-58,-4.32072e-57)    (-2.37632e-56,2.33789e-55)   (-2.86849e-54,-3.53871e-54)     (7.9799e-53,-2.40396e-54)    (-5.87771e-52,8.35136e-52)    (-2.30718e-84,3.31872e-85)    (-1.29598e-85,4.79306e-86)   (-8.00169e-87,-5.62343e-87)     (1.92565e-85,5.29803e-86)    (2.40429e-84,-5.49772e-84)     (1.63392e-82,1.85181e-82)    (-2.47545e-81,1.62853e-81)    (-3.6329e-82,-8.02808e-81)   (-4.69045e-98,-2.77957e-95)    (-9.12759e-98,2.33525e-98)   (-1.74914e-98,-9.14753e-99)  (-7.66961e-100,-1.57988e-99)  (6.36276e-101,-2.88843e-100)  (8.77447e-103,-3.10452e-101)  (1.14829e-103,-1.43162e-102)
  (-2.8866e-104,1.18947e-103)   (1.15422e-105,-4.9866e-105) (-3.04158e-104,-4.40729e-104)   (-1.19825e-102,-2.124e-102)   (3.6681e-100,-4.89603e-100)    (-7.3787e-97,-1.83589e-96)      (1.29589e-93,3.6092e-94)    (2.48099e-81,-2.78507e-81)    (-2.79141e-82,-2.3615e-82)    (-1.64932e-83,2.86024e-83)     (1.67261e-84,8.44239e-85)     (7.38597e-84,8.21187e-84)      (7.23525e-82,-1.234e-81)   (-3.98073e-80,-8.41965e-81)    (4.70947e-78,-3.86767e-78)      (1.6972e-75,1.07384e-75)    (5.33117e-55,-3.46667e-54)    (-5.01229e-55,3.19966e-56)     (2.73639e-56,2.64439e-56)   (-3.03744e-57,-3.42536e-57)    (-5.58707e-58,4.28542e-58)    (4.75626e-59,-1.38631e-59)    (-1.34529e-60,7.90329e-61)    (1.95767e-62,-4.12374e-62)       (-1.58e-64,4.94191e-64)    (4.76605e-67,-7.54738e-67)    (-4.50857e-70,7.29458e-70)   (-3.17309e-72,-3.46033e-72)     (1.85711e-73,2.87265e-73)   (-1.65219e-75,-1.01255e-76)    (1.14015e-78,-6.05208e-78)    (6.56676e-78,-2.21634e-77)     (6.34111e-75,1.02291e-74)     (1.6342e-72,-1.03946e-72)   (-1.31586e-71,-3.21727e-70)    (-1.60653e-67,1.78542e-68)    (7.68491e-65,-3.35668e-65)    (-7.88751e-63,3.67904e-63)     (3.35582e-61,2.35832e-62)   (-1.26605e-59,-9.89131e-60)      (1.09668e-58,2.2614e-58)   (-3.44633e-57,-1.49585e-57)     (3.91397e-56,1.08604e-55)   (-1.80204e-54,-1.38858e-54)    (4.46778e-53,-1.37469e-53)      (8.136e-54,-5.02031e-52)    (-9.43832e-86,4.03765e-85)     (2.35464e-87,2.55419e-86)     (2.66169e-87,2.80691e-87)     (4.0693e-86,-4.49204e-86)   (-5.65246e-85,-4.37402e-85)    (4.16137e-83,-1.75825e-83)      (2.09913e-82,6.6711e-82)    (-3.56893e-81,8.27084e-83)     (3.4405e-96,-7.74781e-96)    (-1.91978e-98,1.50873e-98)     (-1.6836e-99,2.22391e-99)  (-2.90778e-100,7.85931e-101)  (6.80271e-102,-2.17756e-101) (-2.75111e-102,-8.64235e-103)   (-2.8866e-104,1.18947e-103)
  (5.44981e-105,3.67268e-105)  (-1.22688e-105,1.38078e-105) (-5.32691e-104,-4.91765e-104)   (2.79477e-102,8.53212e-102)  (-5.13122e-101,4.77424e-100)    (2.52421e-97,-2.12536e-96)     (1.83437e-93,1.63602e-94)   (-2.70365e-82,-6.93879e-82)     (-6.3907e-83,3.31498e-83)     (3.83093e-84,5.31222e-84)    (-5.72145e-85,4.50519e-85)   (-2.85128e-83,-1.10564e-83)    (1.15985e-81,-7.37946e-82)    (-4.62134e-80,-2.7843e-80)    (3.75828e-78,-1.15798e-78)     (1.02483e-75,1.19726e-75)    (-6.75402e-55,-1.0947e-54)     (-1.47125e-55,1.7583e-55)    (1.42681e-56,-8.36453e-57)    (-1.01151e-57,-2.0322e-57)     (2.72226e-59,3.47266e-58)    (7.03623e-60,-2.01523e-59)     (7.12057e-62,7.25454e-61)   (-1.19109e-62,-1.77454e-62)     (2.08228e-64,4.84352e-65)   (-2.17139e-69,-2.10585e-67)     (-1.13936e-69,-2.528e-70)    (3.07434e-72,-5.59897e-72)     (1.93141e-73,6.30588e-74)    (-6.22354e-76,8.10367e-76)   (-4.95986e-78,-1.78673e-78)    (7.65529e-78,-2.03268e-77)     (5.56536e-75,9.09263e-75)    (-8.09633e-73,-2.7556e-73)    (1.80459e-70,-1.41636e-71)    (-5.33585e-68,2.79325e-68)    (1.56296e-66,-5.54387e-65)    (-4.31245e-63,4.96188e-63)    (2.22286e-61,-1.18395e-61)    (-1.07342e-59,-1.8518e-60)     (2.15662e-58,1.21571e-58)    (3.12822e-57,-2.24407e-57)     (5.52378e-56,3.62014e-56)   (-1.17504e-54,-6.37499e-56)    (1.82697e-53,-1.21628e-53)   (-1.48764e-52,-3.06403e-52)      (7.05775e-86,5.6757e-86)      (5.14987e-87,1.1906e-87)     (6.9796e-88,-5.78621e-88)    (-2.96133e-86,1.08989e-86)    (5.75722e-85,-5.94252e-85)   (-1.41491e-84,-7.91471e-84)    (1.50999e-82,-4.54163e-84)    (-8.32191e-83,8.74401e-82)   (-1.81129e-96,-7.85069e-97)    (2.93613e-99,-3.15679e-99)   (1.96859e-100,4.74296e-100)  (1.42418e-101,-4.72653e-102)  (-3.28801e-102,1.50586e-102)  (-1.69015e-104,3.76352e-103)   (5.44981e-105,3.67268e-105)
   (3.61221e-105,8.1014e-105) (-1.83089e-105,-3.36167e-105) (-1.02008e-103,-1.33004e-103)  (-4.97711e-102,1.31634e-101)  (5.66606e-100,-9.20289e-102)      (3.02471e-96,9.6443e-97)    (-1.53045e-93,1.92664e-93)     (-1.52988e-82,5.5859e-83)     (8.90209e-84,1.40811e-83)   (-1.91904e-84,-3.95141e-85)    (-4.72115e-85,4.02337e-85)   (-1.00653e-83,-1.78798e-83)     (-6.43482e-83,3.4257e-81)   (-3.75856e-80,-4.07087e-80)    (2.10541e-78,-3.00697e-79)     (6.24562e-76,1.08083e-75)   (-6.13483e-55,-1.76082e-55)     (3.02077e-56,7.59057e-56)     (1.02279e-56,5.15474e-57)   (-1.20969e-57,-1.67955e-59)     (1.41248e-58,1.10383e-58)     (1.48813e-59,3.14826e-60)   (-2.39939e-61,-5.53389e-61)    (-4.54557e-63,1.18905e-62)      (5.99759e-65,7.4704e-65)   (-2.31982e-68,-8.83411e-68)    (4.89379e-70,-6.59957e-71)   (-3.60891e-73,-9.28452e-73)    (9.85833e-74,-3.52761e-74)   (-3.16047e-76,-2.17261e-76)    (-2.43588e-79,4.77559e-78)    (-6.05706e-78,1.64458e-77)     (5.25521e-75,7.98149e-75)    (-6.15551e-73,-2.3413e-73)    (-1.64305e-70,-2.9896e-71)     (-3.8644e-68,5.59933e-69)    (3.72774e-65,-1.32161e-65)     (4.52624e-63,3.92734e-63)    (-3.64156e-61,1.60527e-62)    (7.75072e-60,-9.11369e-60)    (2.14974e-58,-1.21191e-59)   (-3.70176e-58,-1.51636e-57)    (-4.67205e-56,7.92336e-56)    (-7.53925e-55,3.12039e-55)     (3.9572e-54,-1.13218e-53)   (-1.57276e-52,-1.57394e-52)     (1.8874e-86,-7.41122e-87)    (6.55094e-88,-1.18507e-87)     (1.49254e-88,1.35763e-88)     (1.87031e-87,6.50477e-87)   (-1.18788e-85,-1.57521e-85)     (2.37497e-84,5.82191e-85)    (5.77108e-84,-2.92579e-83)     (2.11503e-82,1.30656e-83)   (-4.57151e-97,-4.32654e-97)    (2.27076e-99,-3.28532e-99) (-1.61627e-101,-1.06267e-100)  (-2.39486e-102,3.39236e-102)    (6.2703e-103,7.98097e-103)   (3.29052e-104,1.01295e-103)    (3.61221e-105,8.1014e-105)
  (2.16936e-106,3.76253e-106) (-1.58966e-105,-5.49865e-105)  (-2.29723e-104,1.16101e-103)  (1.17585e-102,-1.84132e-101)   (4.44107e-100,1.82216e-100)     (1.28868e-96,2.06925e-96)    (-1.06896e-93,2.22321e-93)     (2.92969e-84,5.26866e-83)   (-3.84022e-84,-4.10171e-84)    (-2.16667e-85,4.26522e-85)   (-2.23031e-85,-8.76979e-85)    (7.19615e-84,-2.69418e-84)    (-4.66503e-82,2.60637e-81)   (-4.61023e-80,-3.02699e-80)     (1.42241e-78,6.33215e-79)     (4.00966e-76,9.57064e-76)    (-2.21084e-55,1.34324e-55)     (3.29681e-56,2.56241e-57)    (3.07764e-57,-3.20378e-57)    (-3.28484e-58,5.81331e-58)     (7.09489e-60,1.04015e-58)    (5.97876e-60,-4.30584e-60)       (1.65935e-61,5.161e-62)    (-4.95126e-63,4.14881e-64)    (3.04535e-65,-2.50907e-65)   (-2.71321e-68,-3.57206e-68)    (2.09167e-70,-2.23851e-70)    (-1.04114e-73,2.34091e-72)     (8.23383e-75,2.18146e-74)   (-3.00797e-76,-1.09104e-76)   (-3.07507e-78,-4.83994e-79)    (-3.92682e-78,1.77077e-77)     (9.27965e-76,4.56015e-75)   (-3.08336e-73,-1.22744e-72)   (-1.29558e-70,-1.28927e-71)    (-2.07611e-68,3.93784e-69)    (3.28618e-66,-2.39725e-65)    (-2.41899e-63,2.74311e-63)    (1.27795e-61,-7.28203e-62)    (3.66988e-60,-8.00443e-60)     (9.18279e-59,1.45062e-58)    (-1.60444e-57,4.13536e-58)     (6.08348e-57,5.01784e-56)    (-3.09927e-55,3.09371e-55)    (3.23084e-56,-7.59897e-54)   (-1.22251e-52,-2.78967e-53)    (1.30221e-87,-5.99659e-87)   (-2.05797e-88,-3.30878e-88)   (-2.17298e-89,-6.00784e-89)    (-8.43201e-88,6.62205e-88)     (8.01613e-88,-9.3558e-87)    (1.17621e-85,-5.91364e-85)       (2.9451e-84,4.5339e-84)     (5.21211e-84,-5.2732e-83)    (-1.84844e-97,1.46805e-97) (-6.76854e-100,-3.44699e-100) (-3.37638e-101,-5.23814e-102)    (2.7533e-102,6.94897e-103)   (2.9016e-103,-5.14509e-104)  (1.51024e-104,-3.54515e-105)   (2.16936e-106,3.76253e-106)
 (2.77737e-106,-4.12763e-106)  (-1.3144e-105,-9.51542e-105)  (-1.28761e-103,1.09045e-103)  (1.59832e-101,-2.38943e-101)     (-1.62904e-99,1.3207e-99)     (-2.7419e-96,3.36985e-96)   (-2.28005e-93,-2.88756e-93)     (1.12756e-83,4.18046e-84)    (-1.04875e-84,9.12035e-85)   (-6.94125e-86,-8.32294e-86)   (-2.62719e-85,-8.03771e-85)    (-1.00913e-83,4.40068e-83)    (-1.85259e-82,2.39251e-81)    (2.25445e-79,-5.61023e-80)     (3.61248e-79,1.26016e-78)     (2.97335e-76,7.96276e-76)     (1.23198e-56,1.30574e-55)     (1.51581e-56,2.02517e-56)   (-1.33233e-57,-8.79755e-58)     (-2.22443e-58,1.4875e-58)    (3.65953e-59,-8.13421e-60)    (-2.10059e-60,6.26532e-61)     (-1.352e-61,-4.11301e-62)    (-1.25164e-63,1.68833e-63)      (1.8375e-65,-2.8208e-66)   (-2.18207e-68,-1.43474e-68)     (1.03455e-70,1.04933e-70)     (3.90723e-73,1.36077e-72)    (5.63453e-75,-1.39742e-74)     (1.24343e-76,1.72941e-76)    (-4.86636e-79,1.14546e-78)    (-1.17713e-78,1.94206e-77)     (9.25653e-76,4.27827e-75)   (-3.79728e-73,-1.02058e-72)    (5.06896e-71,-5.82844e-71)   (-1.82935e-68,-3.20342e-69)    (1.60117e-65,-7.72898e-66)    (-8.35615e-64,2.13181e-63)   (-1.90023e-61,-2.04106e-62)    (-2.87901e-60,1.77912e-60)    (1.05665e-58,-1.32557e-59)    (-1.53262e-57,7.71521e-58)      (1.8973e-56,1.04991e-56)   (-4.55274e-55,-4.93645e-55)   (-1.50257e-54,-2.85842e-54)     (-7.85584e-53,3.8214e-53)   (-8.68173e-88,-1.40889e-87)    (1.85753e-88,-2.41544e-88)    (-1.23233e-89,3.73314e-90)     (2.37229e-88,-2.6259e-88)   (-3.20829e-87,-8.57884e-88)     (2.22582e-86,4.23646e-86)    (1.02967e-84,-8.48349e-85)   (-1.20807e-83,-2.54462e-84)    (-9.12975e-98,7.82642e-99)  (-3.66099e-100,3.15649e-102) (-5.69248e-102,-6.55463e-102)  (4.11307e-103,-4.15339e-103)  (9.85559e-105,-4.15149e-104) (-2.02156e-105,-1.55365e-106)  (2.77737e-106,-4.12763e-106)
 (1.07333e-106,-2.39019e-106)  (5.56435e-106,-1.87976e-104) (-1.47987e-103,-6.60076e-104)  (4.17633e-101,-3.03559e-101)   (-4.83723e-99,5.19917e-100)   (-5.75312e-96,-3.56173e-96)     (-3.6652e-93,-9.1663e-94)     (-4.39229e-84,1.6835e-84)   (-5.86263e-86,-3.66347e-85)   (-4.26293e-86,-1.88781e-87)   (-2.97273e-85,-1.00131e-84)    (-9.68153e-84,1.35641e-83)     (9.10859e-82,4.91559e-82)     (2.01248e-79,-6.1855e-80)    (-2.57693e-79,1.78769e-78)     (2.74892e-76,6.81268e-76)      (5.3039e-56,3.20465e-56)    (9.43799e-57,-3.62752e-57)    (-4.91479e-58,4.91058e-58)     (5.75994e-59,1.45597e-58)    (5.31047e-60,-1.93455e-59)    (1.69066e-61,-1.78156e-60)    (2.85516e-62,-3.79435e-62)     (-6.00924e-64,9.5821e-64)   (-1.05816e-66,-7.79168e-66)    (5.08871e-70,-6.68635e-69)     (8.26882e-71,2.62608e-71)     (7.56688e-73,1.22466e-72)   (-7.29114e-75,-6.98753e-75)   (-6.55589e-77,-7.98876e-77)    (-1.78895e-78,6.21909e-79)     (3.46388e-78,2.00673e-77)     (1.08377e-75,4.04751e-75)      (-4.48207e-73,-8.36e-73)    (3.38439e-71,-4.58012e-71)    (1.87802e-69,-1.12606e-68)    (8.21949e-67,-1.05624e-65)    (-1.25076e-63,1.33738e-63)    (6.64975e-62,-6.08925e-62)     (2.3374e-60,-4.11817e-60)    (4.87001e-59,-5.53828e-59)    (-1.06988e-57,6.00134e-58)    (8.78464e-58,-1.23925e-56)   (-3.50317e-55,-1.00173e-56)   (-2.02266e-54,-5.17816e-55)    (-2.85807e-53,4.66458e-53)    (-5.58546e-88,5.68257e-89)   (-3.83187e-89,-9.11508e-89)     (1.59442e-90,9.45842e-91)     (5.58917e-89,4.21627e-89)     (2.35443e-87,7.61752e-88)     (2.87401e-87,-3.2554e-87)     (6.05526e-86,2.22959e-85)    (1.98627e-84,-4.91997e-85)    (4.26627e-100,3.74675e-98)  (-2.40844e-100,7.22545e-101)  (-3.7742e-102,-3.39136e-103)  (7.26684e-104,-1.52913e-103) (-7.15493e-105,-3.60009e-105) (-6.76156e-106,-4.78423e-106)  (1.07333e-106,-2.39019e-106)
(-1.22051e-107,-3.28555e-106)  (1.02876e-104,-4.02946e-104)      (3.887e-103,-1.228e-103)   (1.1633e-100,-3.02205e-101)    (-9.32349e-99,-6.6628e-99)    (1.40196e-96,-1.19893e-95)    (-9.9726e-94,-6.05392e-93)    (-8.81657e-86,1.27141e-84)    (-9.57494e-86,1.80496e-86)     (1.29832e-87,3.40402e-87)     (1.43624e-84,5.13715e-85)    (-1.06068e-83,3.56419e-83)       (6.54868e-82,6.119e-83)    (1.84265e-79,-5.39143e-80)    (-6.19135e-79,1.81969e-78)     (2.71999e-76,5.53453e-76)    (2.11629e-56,-1.42423e-56)   (-7.84484e-58,-4.51528e-57)     (-9.6382e-59,3.10275e-58)     (9.21227e-59,2.06581e-59)     (1.45106e-59,-3.0083e-60)    (-3.78924e-63,5.67256e-61)    (-2.90745e-62,2.27002e-62)    (-1.71209e-64,6.66715e-64)   (-1.29038e-66,-4.46983e-66)   (-1.65152e-69,-5.80542e-69)     (3.70675e-71,-2.4214e-71)     (4.29202e-73,5.61679e-74)    (6.19337e-75,-7.63487e-76)    (1.34679e-76,-2.66371e-77)    (-2.65531e-79,8.50243e-79)     (8.19408e-78,2.06776e-77)     (1.35518e-75,3.86638e-75)   (-5.07078e-73,-6.61585e-73)    (1.97266e-71,-3.68537e-71)    (3.06127e-69,-1.33279e-68)    (3.22475e-66,-8.64427e-66)    (-1.24591e-63,1.02553e-63)   (-1.04234e-61,-7.45448e-63)    (-1.19194e-60,1.29836e-60)     (4.34215e-59,5.43105e-59)    (-2.33146e-58,9.27371e-58)   (-4.13375e-57,-6.18074e-57)     (-1.34712e-55,1.6843e-55)    (-1.37154e-54,2.49537e-55)     (8.22363e-54,3.07422e-53)    (-1.95114e-88,1.90067e-88)   (-4.10506e-89,-1.88084e-90)    (2.10098e-90,-3.14512e-92)    (-2.11023e-89,7.96202e-91)     (6.57865e-89,2.16969e-88)     (4.11339e-87,8.95989e-87)    (4.42375e-86,-1.34961e-86)   (-2.45896e-85,-4.31645e-85)    (1.03734e-100,2.20583e-98)   (-9.7226e-101,4.46265e-101)  (-1.36041e-102,7.45797e-103) (-1.91734e-104,-7.14974e-104) (-3.72768e-105,-1.03164e-105)  (-2.36858e-107,5.33581e-107) (-1.22051e-107,-3.28555e-106)
(-5.54615e-106,-9.46994e-106)   (5.0599e-104,-8.59554e-104)   (1.44658e-102,1.53097e-102)   (2.98061e-100,8.81612e-101)      (5.8052e-99,2.09344e-98)       (6.715e-96,-7.2148e-96)     (8.05904e-93,7.61866e-94)     (-3.6609e-85,-1.0141e-85)    (3.44048e-86,-2.12323e-86)    (1.43631e-86,-2.58431e-86)    (1.25023e-84,-1.06911e-84)   (-7.46989e-83,-1.82054e-83)    (-1.47665e-81,-3.6791e-82)    (1.33522e-80,-4.21813e-80)   (-6.97812e-78,-8.28139e-78)   (-1.03533e-77,-5.79258e-77)       (2.3723e-56,1.4832e-57)    (-1.13923e-57,2.06842e-58)     (5.48022e-59,3.17807e-58)     (3.51305e-59,5.04484e-59)   (-4.05681e-60,-3.74797e-60)   (-3.63491e-61,-3.16934e-61)   (-8.32993e-63,-1.15713e-62)    (3.87999e-64,-5.97261e-65)    (3.63731e-67,-2.25427e-66)    (-1.04021e-69,1.40561e-69)    (-1.83291e-71,2.58582e-71)    (2.95903e-73,-1.35822e-73)   (-2.23269e-75,-4.66066e-76)   (-5.14062e-78,-4.47329e-77)    (-6.89686e-79,1.12192e-78)     (1.41893e-77,1.95923e-77)     (1.73964e-75,3.63806e-75)   (-5.49816e-73,-4.92926e-73)     (2.97314e-72,4.44783e-71)   (-2.00628e-69,-2.66015e-69)    (6.13407e-66,-2.61679e-66)     (7.46846e-64,1.00232e-63)    (2.54125e-62,-5.04276e-62)    (1.13043e-60,-2.30309e-60)    (1.68719e-59,-3.23947e-59)    (-4.84258e-58,3.29133e-58)    (2.78807e-58,-6.14418e-57)     (4.39082e-56,1.37147e-56)    (1.38797e-57,-2.05829e-54)    (1.05187e-54,-1.02208e-53)   (-1.95553e-88,-2.32492e-88)     (1.60571e-90,5.96187e-90)      (2.6879e-91,6.27813e-91)    (1.27678e-90,-4.42426e-90)   (-5.84676e-89,-1.39441e-88)    (-1.59174e-88,3.93297e-88)     (3.55262e-88,1.89927e-86)    (1.07052e-85,-3.40533e-86)     (-8.1744e-99,9.94378e-99)  (-1.43686e-101,1.95952e-101)  (8.18459e-103,-6.06313e-103) (-2.50319e-104,-3.31819e-104) (-1.04622e-105,-3.91132e-106)  (-4.48325e-107,2.63142e-107) (-5.54615e-106,-9.46994e-106)
(-1.79484e-105,-4.07103e-105)  (-7.44374e-104,1.78624e-103)  (-5.62173e-103,7.43373e-102)  (-3.0669e-100,-9.75741e-101)    (-2.65184e-98,3.82948e-98)      (1.78745e-95,3.5997e-96)     (5.31011e-93,1.23254e-92)    (1.13877e-85,-1.94169e-86)     (2.34118e-87,1.16066e-86)    (-2.56902e-86,1.21672e-86)    (-2.56028e-85,2.26002e-84)    (-9.21139e-83,3.79605e-84)     (1.81211e-81,6.77242e-82)     (1.10656e-79,9.64137e-80)   (-7.27606e-78,-5.33551e-78)      (1.129e-77,-4.09613e-77)    (3.27307e-57,-9.01561e-57)   (-1.01524e-57,-1.06223e-58)    (-1.34354e-59,1.00876e-58)     (2.60202e-59,-1.7406e-59)     (1.67767e-60,-3.8566e-60)     (1.59028e-61,4.17708e-62)     (1.27112e-63,1.03525e-62)      (1.59358e-64,1.0832e-64)    (1.02836e-68,-1.42176e-66)    (-5.11793e-70,7.20271e-70)     (-4.3705e-72,1.98151e-71)     (2.75147e-74,9.16026e-74)    (2.23171e-75,-2.27779e-75)    (1.65625e-77,-2.48152e-77)    (-2.44975e-79,7.76202e-79)     (1.12852e-78,-3.0638e-77)     (2.18959e-75,3.37856e-75)    (-2.01745e-73,4.52024e-74)       (8.203e-72,3.22675e-71)   (-9.96833e-70,-3.71967e-69)    (5.80828e-66,-9.96279e-67)    (-4.07967e-64,7.82773e-64)    (-5.87107e-62,8.29714e-63)    (-2.85862e-61,1.02536e-60)     (2.77669e-59,3.00694e-59)     (5.26334e-59,5.45468e-58)   (-3.17145e-57,-2.40183e-57)    (-8.66071e-57,7.25688e-56)   (-8.93332e-55,-8.68601e-55)   (-3.21651e-54,-3.15096e-54)   (-1.45916e-88,-1.27555e-89)    (-6.86671e-90,4.65965e-90)    (4.08135e-91,-6.71934e-92)     (1.37329e-90,8.14897e-91)     (1.1393e-89,-1.52743e-89)    (2.16883e-88,-5.38964e-88)   (-1.64815e-87,-1.19696e-87)    (-6.38691e-87,2.98963e-86)    (-6.40945e-99,6.20574e-99)  (-1.09005e-101,8.55177e-102)  (2.27049e-103,-5.59202e-103)  (-5.02709e-105,1.58705e-104)   (-9.57594e-106,1.0659e-106) (-1.19984e-106,-1.99698e-106) (-1.79484e-105,-4.07103e-105)
 (-1.60682e-104,4.15828e-105)  (-3.64368e-103,4.37027e-103)  (-1.67668e-101,1.47614e-101) (-4.81779e-100,-7.76617e-100)    (-9.59795e-98,9.20923e-99)    (-6.03594e-98,1.84434e-95)     (1.86261e-92,1.46401e-92)     (-1.38211e-86,3.2109e-86)   (-3.20863e-87,-3.16415e-87)     (4.99047e-86,7.52954e-87)       (2.37104e-84,7.224e-85)   (-2.18205e-83,-1.36287e-82)     (6.31519e-82,1.45881e-82)     (1.24062e-79,4.93585e-80)    (-2.18947e-78,1.75673e-78)    (2.92371e-77,-4.10822e-77)    (-2.26465e-57,2.47884e-58)     (4.68827e-60,5.11958e-58)     (7.33625e-59,3.79698e-59)     (2.37147e-59,1.71121e-60)     (-1.39186e-60,7.7068e-61)    (-1.39764e-61,4.17803e-62)     (1.41765e-63,5.81294e-63)      (1.0429e-64,5.11412e-65)   (-6.95464e-67,-6.78859e-68)   (-1.22131e-69,-5.31636e-70)     (2.94288e-72,1.57965e-71)     (3.03077e-74,1.66905e-73)    (-2.09374e-76,7.09376e-76)    (-9.82686e-78,9.88681e-78)      (7.99034e-80,5.3114e-79)   (-3.82444e-78,-3.27492e-77)     (2.68428e-75,3.00807e-75)    (-1.77725e-73,5.41086e-74)      (1.11646e-71,2.1213e-71)    (1.03105e-69,-6.38461e-69)     (1.04217e-66,-3.6259e-66)    (-4.83853e-64,5.60617e-64)   (-4.66299e-62,-5.42194e-63)    (3.43272e-61,-1.38835e-60)    (9.64826e-61,-1.77186e-59)    (-3.34831e-58,1.70637e-58)    (-3.0882e-57,-3.16448e-57)     (4.00427e-56,1.41279e-56)     (1.90017e-56,3.08148e-55)   (-3.46351e-54,-1.59729e-55)      (1.70799e-89,2.2378e-89)     (1.31171e-90,3.83122e-90)     (3.92299e-91,6.80605e-92)    (-2.78331e-91,6.62669e-92)     (-3.3001e-90,9.10603e-90)    (4.27887e-89,-1.05795e-89)     (8.9446e-88,-1.08892e-87)   (-4.93184e-87,-2.50623e-87)     (2.07242e-99,4.41211e-99) (-3.65819e-102,-1.61778e-101) (-4.98394e-104,-3.73046e-103)   (3.60485e-106,1.16249e-104)  (-7.77928e-106,2.70383e-106) (-4.45227e-106,-2.03785e-106)  (-1.60682e-104,4.15828e-105)
 (-3.85904e-104,1.80527e-105)   (-1.55114e-102,7.3222e-103) (-6.09595e-101,-1.51854e-102)      (4.494e-100,-2.2954e-99)    (-1.40852e-97,-1.3437e-97)    (-2.86694e-95,1.95004e-95)    (-2.66855e-93,3.98605e-92)      (9.9912e-87,4.03507e-87)     (1.64971e-87,6.03129e-88)     (2.71361e-86,6.13493e-86)    (-3.68112e-84,9.48803e-85)   (-7.16277e-83,-1.20112e-82)    (-9.77328e-83,4.36899e-81)    (3.14241e-80,-5.53249e-80)   (-1.61219e-78,-7.67753e-78)     (2.28634e-77,3.55371e-76)   (-2.06553e-57,-1.23461e-57)     (1.26517e-58,3.47653e-59)      (1.1514e-59,4.95091e-59)   (-2.62793e-61,-9.38797e-60)   (-7.09677e-61,-1.10913e-60)    (-7.62859e-62,3.21634e-62)    (-2.41669e-63,1.20837e-63)     (1.19012e-65,-6.1579e-65)     (-4.57436e-67,3.9254e-68)   (-9.14683e-70,-1.21407e-70)     (4.92785e-72,7.15034e-72)      (5.4022e-74,3.33148e-74)   (-3.42221e-77,-1.02357e-75)     (1.09752e-78,3.81949e-78)    (-1.13081e-79,4.62486e-79)   (-1.01088e-77,-3.37375e-77)     (3.18087e-75,2.52973e-75)    (-1.55775e-73,6.52746e-74)     (1.21217e-71,1.14412e-71)    (1.16796e-69,-5.45463e-69)    (1.39501e-66,-3.11448e-66)     (3.89712e-64,3.72754e-64)    (5.84879e-63,-2.76883e-62)    (5.22192e-61,-9.66095e-61)      (1.9409e-59,1.21481e-59)      (1.1636e-58,2.23656e-58)   (-1.18568e-57,-1.37846e-57)    (8.19795e-57,-1.94657e-56)    (-4.52785e-55,2.86315e-56)    (2.94645e-54,-4.24739e-54)    (-3.41675e-89,2.25849e-89)    (1.52471e-90,-2.06121e-91)      (1.37435e-91,5.7906e-92)    (-3.20533e-92,-1.6507e-91)   (-1.62757e-90,-1.52817e-91)    (-3.48684e-89,1.98227e-89)     (1.59817e-89,6.29544e-89)     (-4.45081e-88,1.2002e-87)     (1.13812e-99,4.02772e-99)  (-8.39979e-102,-1.6331e-101) (-1.44329e-103,-2.07517e-103)   (2.61172e-105,8.53398e-105)   (-4.8751e-106,3.99916e-106) (-5.93168e-106,-6.73665e-106)  (-3.85904e-104,1.80527e-105)
(-1.02409e-103,-1.47049e-104) (-4.98357e-102,-3.69347e-103)  (-1.1413e-100,-1.06987e-100)    (4.57133e-99,-3.26623e-99)    (1.31686e-98,-3.85576e-97)   (-6.17465e-95,-2.09774e-95)    (-5.36131e-92,5.16455e-93)   (-5.32528e-87,-4.81112e-88)     (9.32327e-88,8.81223e-89)   (-1.01152e-86,-6.42487e-86)   (-3.60038e-84,-3.06388e-84)    (1.79864e-82,-1.06634e-82)    (-5.02402e-82,1.81269e-81)     (4.37334e-80,1.26413e-79)   (-2.90335e-78,-6.60284e-78)     (4.73617e-77,2.53435e-78)    (-9.52626e-58,9.24547e-58)     (1.94174e-58,7.02846e-59)    (2.10645e-59,-8.97308e-60)    (5.13159e-60,-6.16559e-60)   (-4.59315e-61,-5.87567e-61)    (9.68576e-63,-2.87631e-62)      (1.8558e-63,3.89092e-64)    (1.40194e-66,-3.96038e-65)   (-2.47651e-67,-6.14691e-68)     (-5.9313e-70,1.03782e-70)     (5.87964e-72,3.41636e-72)     (8.10849e-74,3.81426e-74)   (-2.65718e-76,-4.10351e-76)    (2.50628e-78,-1.23453e-77)     (-2.61429e-79,3.3975e-79)   (-1.75478e-77,-3.32858e-77)     (3.63134e-75,1.90219e-75)    (-1.34373e-73,7.74887e-74)     (1.13702e-71,3.11491e-72)     (1.3594e-69,-4.63987e-69)    (2.26865e-66,-1.32071e-66)     (2.75873e-64,3.70611e-64)    (-2.61663e-62,8.22602e-63)     (3.34203e-62,5.30241e-61)     (1.18683e-59,1.24339e-59)      (-1.8444e-58,1.3475e-58)    (-2.2431e-57,-7.07091e-58)    (2.10777e-56,-9.84026e-57)    (-1.63458e-55,2.63511e-55)    (-1.20542e-54,3.09857e-55)    (-6.01333e-90,2.53029e-89)     (1.33989e-90,1.24849e-90)     (1.90936e-91,1.36537e-92)     (2.52978e-92,3.26488e-92)    (5.77511e-91,-3.87601e-91)   (-2.91396e-90,-1.73638e-90)    (-1.08572e-88,6.61104e-90)   (-4.04054e-88,-3.58552e-88)    (-1.31722e-99,2.75587e-99) (-9.90513e-102,-1.65146e-101) (-1.58731e-103,-8.97583e-104)   (3.90843e-105,6.33837e-105)  (-1.45491e-106,4.12378e-106)  (5.52554e-105,-2.36174e-105) (-1.02409e-103,-1.47049e-104)
  (2.13943e-103,2.67373e-103) (-1.12755e-101,-8.19424e-102)  (-4.02818e-101,-3.8108e-100)     (1.28151e-98,1.71817e-99)    (5.72151e-97,-4.90962e-97)   (-4.31402e-95,-1.14478e-94)   (-6.34018e-92,-6.51345e-92)     (7.3281e-88,-1.71174e-87)     (1.55394e-87,8.71947e-88)    (-6.54136e-86,1.00045e-85)     (-1.8945e-84,3.99826e-84)    (2.25928e-83,-1.96316e-82)    (-5.28117e-81,2.78368e-81)    (3.58906e-80,-2.97192e-80)    (-1.72507e-78,1.70156e-79)    (5.16646e-77,-2.39923e-77)     (1.66649e-58,2.11752e-58)     (3.01275e-59,4.19884e-60)     (1.83215e-59,9.50325e-60)   (-3.25172e-60,-8.59256e-61)     (1.08013e-61,2.63202e-61)    (-2.97907e-63,2.82399e-62)      (1.15996e-63,7.0613e-65)    (1.34258e-65,-1.79667e-65)   (-1.74981e-67,-7.84245e-69)     (-3.8052e-70,1.87041e-70)     (3.76468e-72,7.18989e-73)     (6.33723e-74,4.49024e-75)    (-1.05933e-76,4.67553e-76)    (4.45375e-78,-4.66036e-78)     (-2.56392e-79,2.6962e-79)   (-2.55988e-77,-3.09725e-77)     (3.98418e-75,1.12592e-75)    (-1.11676e-73,9.01077e-74)    (9.24071e-72,-3.62987e-72)     (1.57807e-69,-3.9557e-69)    (2.16955e-66,-1.01836e-66)    (-9.48142e-65,3.33624e-64)    (-2.20743e-62,2.99572e-63)    (7.31331e-62,-6.50409e-61)   (-1.94859e-60,-7.73216e-60)      (1.14721e-58,6.3414e-59)    (-4.1582e-58,-7.52703e-58)    (-1.87952e-57,-6.2114e-57)    (6.44576e-56,-9.57256e-57)    (-1.91086e-55,6.27855e-55)    (5.39471e-90,-2.04977e-90)    (2.73393e-91,-1.88554e-91)     (1.68857e-92,8.35935e-92)    (1.42238e-92,-7.37085e-93)      (6.2782e-92,1.21899e-91)     (3.08479e-90,5.51333e-91)   (-2.95501e-90,-3.78559e-90)    (6.81298e-89,-2.42536e-89)    (-1.85316e-99,2.29845e-99) (-9.28039e-102,-1.76474e-101)  (-1.4187e-103,-1.35034e-104)    (4.66359e-105,4.7978e-105)   (4.64914e-107,9.18513e-106)  (1.91718e-104,-1.15368e-105)   (2.13943e-103,2.67373e-103)
  (2.07323e-103,9.58206e-103)  (-2.48864e-101,1.30601e-101)  (5.05203e-100,-7.50272e-100)     (1.84188e-98,2.21996e-98)    (-1.35198e-96,1.49388e-96)    (1.06274e-94,-2.02223e-94)    (1.33279e-92,-1.52722e-91)     (1.84831e-88,6.98755e-88)    (-2.14221e-87,9.79623e-88)    (-1.60283e-85,1.76952e-86)    (1.15805e-84,-7.80523e-84)     (2.55597e-82,1.22576e-82)    (-1.89763e-81,3.59091e-81)    (-5.43144e-80,6.17459e-80)    (9.81633e-79,-5.48542e-78)    (-2.85648e-77,2.31189e-76)     (1.63699e-58,3.15811e-58)    (5.06423e-59,-3.29998e-59)     (1.77719e-60,-1.0412e-59)    (-9.4679e-61,-2.57009e-60)    (-2.56616e-61,2.64727e-62)     (5.32973e-64,1.72124e-62)     (2.13631e-64,5.42538e-64)    (6.71498e-66,-1.31599e-65)    (-1.20538e-67,1.89823e-68)    (-2.16889e-70,1.87111e-70)    (-6.06329e-73,2.59031e-72)    (2.80146e-74,-1.81736e-74)    (-2.93404e-76,1.96496e-76)   (-2.13687e-77,-5.01656e-78)     (-3.1278e-79,3.94037e-79)     (2.42383e-77,2.36965e-77)     (4.18343e-75,2.26123e-76)    (-8.66197e-74,1.01878e-73)    (-1.26994e-71,8.61804e-72)    (1.80351e-69,-3.40782e-69)    (2.03642e-66,-7.93342e-67)    (-1.16631e-64,2.77796e-64)     (-4.3792e-63,-1.3893e-62)      (1.44616e-61,-4.956e-61)     (9.41763e-60,3.72754e-60)    (-6.97633e-59,1.26892e-58)    (-1.08671e-57,4.86498e-58)    (1.46364e-57,-1.05919e-56)     (3.58584e-56,9.70871e-56)     (-1.1912e-54,-6.0154e-55)         (3.3e-90,9.57645e-90)     (8.99594e-91,1.85945e-91)     (9.2426e-92,-3.96929e-93)     (9.98509e-93,1.79617e-92)     (3.80497e-92,1.84361e-92)        (1.24e-91,3.33087e-91)     (6.35861e-90,4.98367e-90)     (1.08679e-89,4.72229e-89)    (-2.41146e-99,1.80324e-99) (-6.82026e-102,-1.98559e-101)  (1.21487e-103,-9.62971e-104)   (5.12882e-105,3.80206e-105)   (2.24362e-105,2.86642e-105) (-2.10412e-105,-1.13203e-104)   (2.07323e-103,9.58206e-103)
 (1.57598e-102,-2.76006e-102) (-7.01989e-101,-1.54745e-102)   (-1.80399e-99,-2.15501e-99)    (-2.56179e-99,6.27955e-98)    (-3.96604e-96,3.02233e-97)    (5.50109e-95,-2.75284e-94)    (2.04062e-91,-1.58015e-91)   (-1.80865e-88,-8.59633e-89)   (-3.19947e-87,-1.48407e-87)    (1.49239e-85,-3.29628e-86)    (-5.36272e-84,3.95166e-84)     (9.23644e-83,3.23275e-82)   (-8.06774e-81,-7.32446e-82)     (7.80404e-80,-8.8286e-80)     (-2.03093e-78,2.4577e-79)      (7.2261e-77,1.22937e-77)    (2.66828e-59,-4.34264e-59)     (2.13847e-59,6.90222e-60)    (7.13166e-60,-6.50839e-60)   (-6.99548e-61,-1.45332e-60)    (9.78974e-62,-2.77728e-62)   (-6.59508e-63,-2.19445e-63)     (1.88262e-64,3.22222e-64)    (2.89598e-66,-9.47558e-66)    (-8.06764e-68,3.05983e-68)     (-5.2551e-71,3.65285e-71)     (3.78436e-73,1.89317e-72)    (2.39762e-74,-2.37627e-74)     (1.24365e-75,-4.2608e-76)     (-1.8994e-77,2.53959e-79)    (-2.75889e-79,3.68848e-79)       (3.29208e-77,1.559e-77)    (1.29859e-75,-4.99382e-75)    (-5.88485e-74,1.11073e-73)     (-1.07316e-71,1.0839e-71)   (-1.14192e-70,-2.36027e-69)    (1.88926e-66,-6.31385e-67)    (-1.25078e-64,2.31194e-64)   (-2.02961e-63,-1.18874e-62)      (1.7797e-61,2.19606e-61)   (-3.96873e-60,-2.60548e-60)    (-7.01329e-59,8.34078e-59)   (-5.25592e-58,-4.74468e-58)    (-1.70801e-57,-2.6557e-57)    (2.75841e-56,-3.89567e-56)      (1.8122e-55,3.48621e-55)    (4.05692e-90,-1.16372e-90)      (1.15857e-91,4.1904e-92)    (-1.16334e-92,8.13109e-92)     (4.86025e-94,1.33833e-92)    (-1.35206e-92,1.21014e-92)      (-1.681e-91,-1.9283e-91)    (-8.25917e-92,6.62058e-91)   (-2.82548e-90,-1.23983e-90)     (-2.99383e-99,1.1696e-99) (-1.42433e-102,-6.19661e-102)  (9.48021e-104,-1.07663e-103)   (5.52869e-105,3.19751e-105)   (6.03659e-105,9.55614e-105) (-4.56257e-105,-4.71345e-104)  (1.57598e-102,-2.76006e-102)
 (7.50329e-102,-4.82883e-102) (-1.47703e-100,-8.76494e-101)  (-7.05718e-100,-6.45317e-99)      (2.07521e-97,-7.187e-98)     (-6.131e-96,-4.78894e-96)    (4.24858e-94,-2.82213e-94)    (2.66224e-91,-2.12745e-91)    (-5.22165e-89,3.09475e-90)   (-1.61361e-87,-4.87066e-87)     (1.71748e-85,1.16553e-85)   (-8.32581e-84,-1.50301e-84)    (3.62675e-82,-3.89411e-83)    (-8.86846e-81,4.50506e-81)    (2.29867e-80,-3.39239e-80)      (2.2475e-78,-4.5213e-78)    (-9.76008e-77,1.80008e-76)    (1.02766e-58,-6.03213e-59)      (3.947e-60,-1.51009e-59)   (-3.56491e-60,-4.17717e-60)    (-3.44715e-61,6.97282e-61)    (5.75708e-62,-2.45352e-62)   (-4.30751e-63,-7.77871e-64)     (1.54403e-64,1.87993e-64)   (-4.62048e-66,-3.93434e-67)     (-4.57252e-69,3.9326e-68)    (-2.92785e-71,4.42686e-71)       (7.498e-73,1.27695e-72)     (-2.42195e-74,3.7586e-74)    (8.57593e-76,-6.92444e-76)    (-1.28723e-77,5.10347e-78)     (-2.1717e-79,4.96198e-79)     (3.89876e-77,4.05371e-78)   (-1.48683e-76,-5.02986e-75)    (-7.85412e-74,3.89069e-73)    (-8.65801e-72,1.23117e-71)   (-1.93193e-70,-2.23088e-69)    (4.53976e-67,-1.18633e-66)     (1.40925e-64,9.17618e-65)    (-5.4058e-64,-1.00313e-62)     (1.17123e-61,1.94782e-61)   (-2.75069e-60,-2.52861e-60)     (5.56165e-59,1.06043e-59)    (-4.31056e-58,5.52229e-58)   (-3.93558e-57,-5.39124e-57)     (5.63282e-56,1.87484e-57)    (-4.65638e-55,3.31627e-55)      (3.77718e-90,6.0645e-90)      (5.81824e-91,3.2957e-91)     (7.63157e-92,3.58654e-92)    (8.95393e-93,-7.06528e-94)    (1.32125e-94,-4.29807e-93)    (-7.7812e-92,-1.46232e-92)   (-2.00887e-91,-6.71578e-91)    (-8.82615e-91,2.33352e-91)    (-1.54869e-99,2.60745e-99) (-5.62542e-103,-7.54645e-102)   (7.88052e-104,-1.1424e-103)   (6.31629e-105,1.59156e-104) (-3.60335e-105,-1.33955e-105)  (-2.74864e-103,3.65497e-103)  (7.50329e-102,-4.82883e-102)
 (2.41435e-101,-1.96364e-102)   (3.55258e-100,3.74229e-100)    (6.71092e-99,-1.30696e-98)     (4.25484e-97,1.52128e-97)    (-2.8352e-96,-1.48166e-95)     (9.09903e-94,1.58599e-94)     (5.69273e-91,4.97217e-92)     (5.46338e-89,4.23293e-89)    (-1.88271e-87,-5.0938e-87)   (-2.72361e-86,-4.09421e-85)     (1.56697e-83,3.27827e-84)    (-2.04452e-82,4.48009e-82)   (-1.07767e-80,-9.43471e-81)    (2.58253e-79,-1.75003e-80)   (-2.36694e-78,-9.32081e-79)     (4.94254e-77,4.80881e-77)   (-1.28445e-59,-1.72297e-59)    (1.54623e-59,-4.45617e-60)   (-9.79099e-61,-4.76353e-60)    (-6.20869e-61,-2.4139e-62)    (-1.49904e-62,5.70285e-62)     (4.00464e-63,1.21394e-63)    (1.27019e-64,-1.68558e-65)     (-3.18139e-66,3.0005e-67)     (2.41181e-69,2.90071e-68)     (-6.0295e-72,4.34065e-71)     (8.08914e-73,5.13155e-73)    (-6.44894e-75,3.30927e-74)    (3.59047e-76,-7.60899e-76)    (1.30596e-78,-6.69125e-78)     (-5.8698e-80,5.28701e-79)   (-4.69174e-77,-3.03832e-77)   (-1.53588e-75,-4.66517e-75)     (3.42314e-74,3.81181e-73)     (-6.6048e-72,1.31661e-71)   (-2.57222e-70,-2.08104e-69)    (4.51302e-67,-1.10562e-66)     (1.17418e-64,8.93794e-65)   (-4.78582e-63,-4.88942e-63)    (-3.8533e-62,-2.49554e-61)     (4.58309e-60,1.18229e-61)    (-1.10105e-59,6.63954e-59)    (-5.7337e-58,-1.97659e-58)    (4.18098e-58,-1.87883e-57)    (2.62452e-57,-1.50158e-56)     (1.29021e-55,7.36393e-56)    (4.58201e-91,-5.55034e-91)    (-3.11708e-91,3.52497e-91)    (-3.57145e-92,9.54957e-92)    (-2.50034e-93,1.13095e-92)     (2.12803e-93,5.86784e-94)   (-1.42562e-93,-1.24913e-92)    (4.78313e-92,-3.77517e-92)   (-1.12251e-91,-1.38472e-90)    (-2.75465e-99,2.34075e-99)   (1.31046e-102,-8.9374e-102)  (7.08642e-104,-1.16484e-103)   (8.71133e-105,9.64484e-105)  (-6.00502e-105,-1.5319e-104)  (-1.10827e-102,6.23766e-103)  (2.41435e-101,-1.96364e-102)
(-9.76369e-102,-3.76276e-101)     (2.2441e-100,1.18321e-99)    (2.82854e-98,-1.62186e-98)     (4.91104e-97,7.74168e-97)    (1.41283e-95,-2.53382e-95)     (1.03036e-93,1.30845e-93)      (6.51148e-91,6.9693e-91)    (-7.06218e-89,1.10689e-88)    (3.04829e-87,-7.28371e-87)    (3.52829e-85,-4.31646e-85)     (1.17323e-83,1.67283e-83)    (-5.47199e-82,2.24881e-82)   (-1.64199e-81,-1.61659e-80)      (1.1906e-79,3.88342e-81)    (3.93846e-78,-3.05169e-78)    (-1.39403e-76,1.18553e-76)   (-6.99343e-60,-5.14431e-59)    (-2.2841e-60,-4.55987e-60)   (-8.69559e-61,-2.84852e-60)     (-3.8473e-61,2.95148e-62)    (-4.56177e-63,3.71943e-62)     (2.70677e-63,3.76102e-64)     (8.2275e-65,-2.54887e-65)     (-2.1529e-66,6.09397e-67)     (6.07207e-69,2.08545e-68)      (8.20976e-72,3.5971e-71)     (7.40128e-73,1.25354e-73)     (6.07136e-75,2.23312e-74)    (4.67648e-77,-7.22841e-76)   (-8.44623e-79,-4.65671e-78)    (-6.79996e-79,4.81208e-79)    (-5.74858e-77,-1.8438e-77)   (-2.74364e-75,-3.93019e-75)     (1.35066e-73,3.44331e-73)    (-4.66247e-72,1.35291e-71)    (-3.05709e-70,-1.9248e-69)     (4.3166e-67,-1.03706e-66)     (9.88254e-65,8.46345e-65)   (-3.67999e-63,-4.41619e-63)   (-1.31827e-62,-2.04067e-61)     (3.55083e-60,4.98823e-61)    (-1.47946e-59,4.91023e-59)    (-4.0366e-58,-2.13249e-58)    (-2.64926e-57,-1.0331e-57)    (1.79381e-56,-1.87989e-56)    (-2.00106e-56,2.50408e-55)     (2.26341e-90,2.70245e-90)    (-5.06369e-92,3.17684e-91)     (-8.00061e-92,5.4293e-92)    (-8.11119e-93,7.85142e-93)    (-1.68264e-94,1.60608e-94)     (5.04468e-93,5.52232e-93)    (4.80336e-93,-1.86132e-92)    (6.04241e-92,-3.28602e-92)    (-4.17122e-99,1.54342e-99)   (4.5123e-102,-9.95155e-102)  (6.84607e-104,-1.15253e-103)  (1.46204e-104,-3.53769e-106)  (-2.81818e-103,3.81469e-104)   (1.95676e-102,1.11447e-102) (-9.76369e-102,-3.76276e-101)